4 100.00000000000000 5.0412126937482435E-003
6 100.00000000000000 5.0549834960973957E-003
8 100.00000000000000 5.0932036725298384E-003
10 100.00000000000000 5.1339786313582018E-003
12 100.00000000000000 5.1672408068172563E-003
14 100.00000000000000 5.1890733381517095E-003
16 100.00000000000000 5.1991902893880493E-003
18 100.00000000000000 5.1993519264350342E-003
20 100.00000000000000 5.1922896296289437E-003
22 100.00000000000000 5.1809850570297585E-003
24 100.00000000000000 5.1682123239953229E-003
26 100.00000000000000 5.1562759724157851E-003
28 100.00000000000000 5.1468913323849457E-003
30 100.00000000000000 5.1411643467109179E-003
32 100.00000000000000 5.1396367545504191E-003
34 100.00000000000000 5.1423701518471341E-003
36 100.00000000000000 5.1490489775080821E-003
38 100.00000000000000 5.1590879687142509E-003
40 100.00000000000000 5.1717341473780298E-003
4
6
8
10
12
14
16
18
20
22
24
26
28
30
32
34
36
38
40
