4 100.00000000000000 -0.98501285885872392
6 100.00000000000000 -0.98488442722766423
8 100.00000000000000 -0.98480308562923569
10 100.00000000000000 -0.98477113349335776
12 100.00000000000000 -0.98477602059491787
14 100.00000000000000 -0.98480136054666412
16 100.00000000000000 -0.98483212501574158
18 100.00000000000000 -0.98485698174234448
20 100.00000000000000 -0.98486892172626550
22 100.00000000000000 -0.98486492330078623
24 100.00000000000000 -0.98484514829544567
26 100.00000000000000 -0.98481198564759098
28 100.00000000000000 -0.98476913070866234
30 100.00000000000000 -0.98472080089219061
32 100.00000000000000 -0.98467113003491824
34 100.00000000000000 -0.98462374693268462
36 100.00000000000000 -0.98458152182286551
38 100.00000000000000 -0.98454645344198410
40 100.00000000000000 -0.98451966519690948
4
6
8
10
12
14
16
18
20
22
24
26
28
30
32
34
36
38
40
