2 100.00000000000000 4.9400004159611596E-003
3 100.00000000000000 5.0396543374783432E-003
4 100.00000000000000 5.0408480530337359E-003
5 100.00000000000000 5.0408565942246233E-003
6 100.00000000000000 5.0408566391326095E-003
7 100.00000000000000 5.0408566393129427E-003
8 100.00000000000000 5.0408566393136062E-003
9 100.00000000000000 5.0408566393136088E-003
10 100.00000000000000 5.0408566393136045E-003
11 100.00000000000000 5.0408566393136140E-003
12 100.00000000000000 5.0408566393136036E-003
13 100.00000000000000 5.0408566393136123E-003
14 100.00000000000000 5.0408566393136019E-003
15 100.00000000000000 5.0408566393136279E-003
16 100.00000000000000 5.0408566393136097E-003
17 100.00000000000000 5.0408566393136253E-003
18 100.00000000000000 5.0408566393136105E-003
19 100.00000000000000 5.0408566393136183E-003
20 100.00000000000000 5.0408566393136045E-003
