2 100.00000000000000 0.0000000000000000
3 100.00000000000000 0.0000000000000000
4 100.00000000000000 0.0000000000000000
5 100.00000000000000 0.0000000000000000
6 100.00000000000000 0.0000000000000000
7 100.00000000000000 0.0000000000000000
8 100.00000000000000 0.0000000000000000
9 100.00000000000000 0.0000000000000000
10 100.00000000000000 0.0000000000000000
11 100.00000000000000 0.0000000000000000
12 100.00000000000000 0.0000000000000000
13 100.00000000000000 0.0000000000000000
14 100.00000000000000 0.0000000000000000
15 100.00000000000000 0.0000000000000000
16 100.00000000000000 0.0000000000000000
17 100.00000000000000 0.0000000000000000
18 100.00000000000000 0.0000000000000000
19 100.00000000000000 0.0000000000000000
20 100.00000000000000 0.0000000000000000
