2 100.00000000000000 -0.98521693935475629
3 100.00000000000000 -0.98513165512009304
4 100.00000000000000 -0.98513198761932719
5 100.00000000000000 -0.98513200668176015
6 100.00000000000000 -0.98513200688927338
7 100.00000000000000 -0.98513200689047087
8 100.00000000000000 -0.98513200689047620
9 100.00000000000000 -0.98513200689047620
10 100.00000000000000 -0.98513200689047620
11 100.00000000000000 -0.98513200689047620
12 100.00000000000000 -0.98513200689047620
13 100.00000000000000 -0.98513200689047620
14 100.00000000000000 -0.98513200689047620
15 100.00000000000000 -0.98513200689047609
16 100.00000000000000 -0.98513200689047620
17 100.00000000000000 -0.98513200689047609
18 100.00000000000000 -0.98513200689047620
19 100.00000000000000 -0.98513200689047620
20 100.00000000000000 -0.98513200689047620
