   0.0000000000000000     
   6.3353856000000023E-005
   2.4979588760375886E-004
   5.5164767887082116E-004
   9.5844065449773711E-004
   1.4572306631984819E-003
   2.0329718456549880E-003
   2.6689389857508703E-003
   3.3471864396438854E-003
   4.0490309707066725E-003
   4.7555454041692050E-003
   5.4480499582311862E-003
   6.1085884034531848E-003
   6.7203768348747233E-003
   7.2682137881571966E-003
   7.7388416606727281E-003
   8.1212508724018313E-003
   8.4069198754928454E-003
   8.5899859466106784E-003
   8.6673436209251577E-003
   8.6386695973090632E-003
   8.5063749074417716E-003
   8.2754870447535791E-003
   7.9534665428755112E-003
   7.5499641318002436E-003
   7.0765260427113315E-003
   6.5462562448634389E-003
   5.9734453523199432E-003
   5.3731766145686194E-003
   4.7609197906923325E-003
   4.1521237975598937E-003
   3.5618188221112099E-003
   3.0042381076726449E-003
   2.4924688830733448E-003
   2.0381409265011721E-003
   1.6511600747229579E-003
   1.3394926385475456E-003
   1.1090052070694154E-003
   9.6336275876018299E-004
   9.0398639075417225E-004
   9.3007037276787924E-004
   1.0386566720430499E-003
   1.2247636213701971E-003
   1.4815640512420155E-003
   1.8006070129013123E-003
   2.1720762098525396E-003
   2.5850774539749868E-003
   3.0279468852078138E-003
   3.4885713508909905E-003
   3.9547122356670145E-003
   4.4143241622782202E-003
   4.8558603382639013E-003
   5.2685568882448967E-003
   5.6426892656674717E-003
   5.9697947564580234E-003
   6.2428561411231459E-003
   6.4564427396203300E-003
   6.6068062910647294E-003
   6.6919303832724316E-003
   6.7115334104871204E-003
   6.6670262675235853E-003
   6.5614271529207853E-003
   6.3992369230828792E-003
   6.1862793876990112E-003
   5.9295117418347483E-003
   5.6368109742972556E-003
   5.3167425623248535E-003
   4.9783180515053527E-003
   4.6307482243661399E-003
   4.2831984836319125E-003
   3.9445528238966606E-003
   3.6231923501179671E-003
   3.3267937387162416E-003
   3.0621523465028753E-003
   2.8350338764505188E-003
   2.6500576319771316E-003
   2.5106134589748244E-003
   2.4188135140621471E-003
   2.3754790352642258E-003
   2.3801613535858863E-003
   2.4311954953691729E-003
   2.5257839084862860E-003
   2.6601071202557946E-003
   2.8294575183323342E-003
   3.0283919510867207E-003
   3.2508984808079610E-003
   3.4905723971758941E-003
   3.7407965116960933E-003
   3.9949208041184783E-003
   4.2464366735507249E-003
   4.4891413508830157E-003
   4.7172884430587486E-003
   4.9257210888260438E-003
   5.1099847929196047E-003
   5.2664176525839042E-003
   5.3922163773485752E-003
   5.4854772099336545E-003
   5.5452115631265900E-003
   5.5713368751177904E-003
   5.5646438359531558E-003
   5.5267417339358764E-003
   5.4599841984927892E-003
   5.3673780630890287E-003
   5.2524784287310972E-003
   5.1192732687515450E-003
   4.9720610751266027E-003
   4.8153251046604067E-003
   4.6536077419358814E-003
   4.4913883596347801E-003
   4.3329678327952348E-003
   4.1823625611248335E-003
   4.0432104838028530E-003
   3.9186911469545520E-003
   3.8114614189124329E-003
   3.7236079569029547E-003
   3.6566170255527054E-003
   3.6113617670488259E-003
   3.5881065387790225E-003
   3.5865274797219921E-003
   3.6057480533737167E-003
   3.6443879526182207E-003
   3.7006234489178978E-003
   3.7722570307685927E-003
   3.8567940087146832E-003
   3.9515236683977948E-003
   4.0536025290550861E-003
   4.1601373104910543E-003
   4.2682653228182516E-003
   4.3752301644754254E-003
   4.4784508379682019E-003
   4.5755826609850626E-003
   4.6645686536181223E-003
   4.7436804103183862E-003
   4.8115478075598959E-003
   4.8671772445759562E-003
   4.9099584548417848E-003
   4.9396602506503375E-003
   4.9564158634178915E-003
   4.9606988105599355E-003
   4.9532904494148889E-003
   4.9352405645720632E-003
   4.9078224721893398E-003
   4.8724841968146339E-003
   4.8307971956867883E-003
   4.7844054422594680E-003
   4.7350554335323031E-003
   4.6868400694877032E-003
   4.6944330798738224E-003
   5.7060326657923351E-003
   2.1844667223421311E-002
  0.21810176572239606     
   1.6184125825470077     
  -12.260752059336502     
  -862.57009825970897     
  -23529.051587184185     
  -485927.03690955479     
  -8348253.0018403772     
  -119306789.02118902     
  -1290656138.6933677     
  -5409125195.2285233     
   211272845305.02640     
   8720615694843.0498     
   316717676183175.69     
  -122627585375658.23     
   169791678113666.00     
   174770109166615.12     
   47039945759551.758     
   16297992795283.184     
   32616018385510.484     
   200346419341152.88     
  -225879271131871.91     
   136289432536285.27     
   133270837086695.42     
   120524557843278.81     
   51894025092560.289     
  -91725074081729.109     
   50925399617581.688     
   383113466332338.88     
  -5602150938379771.0     
  -127471167174060.06     
  -1208586628665106.5     
  -88065686454489.109     
   10061812775702.117     
  -100207528746686.66     
  -76387375011828.750     
   147903394261707.66     
   129268220213289.28     
   113202731203776.47     
  -91914291558231.078     
  -90145576191167.391     
  -29439349649307.875     
  -195762357592090.84     
  -214385414328445.78     
   131351129166059.19     
   196059243805987.03     
  -89220474801207.094     
   561901952027739.12     
   96472063271529.594     
   80560274222722.047     
  -386541394527259.88     
  -379157581346987.31     
   181970429769651.09     
  -142959464376439.72     
  -138999821370085.83     
   69745656686597.211     
  -4184539478064.2705     
   79945576542151.141     
  -365559914520139.75     
  -1488604433205132.5     
   170074381648219.62     
   307632625477483.25     
   88792276211641.938     
  -42866055463380.406     
   58464847025111.695     
  -123600009639589.31     
   737427143857158.88     
   134079611922658.83     
   161714425711675.97     
   375050054563594.19     
   602856197938278.25     
   39090834904918.391     
   732828843624217.50     
  -280951814457145.25     
  -538789192185638.69     
  -322140330927947.56     
  -462341329547936.62     
   94870263907131.141     
   182792206639008.16     
   12853517394466.186     
   184743979336505.28     
   71206406497342.203     
   407616401923576.50     
   329791171031725.19     
  -113140185379314.12     
  -51898637015730.219     
   16851152166028.596     
  -227475370591366.91     
   303642084641282.75     
  -73812695866459.188     
   207781339266897.41     
   62655240264820.133     
   160185226558477.41     
  -59286121551457.242     
  -3601227068378.2251     
  -25400963293555.805     
  -73536248152860.859     
  -373197938419068.12     
  -172090985840147.69     
  -257635974644188.69     
   895942365236159.00     
   64516478624803.133     
   23581614403330.066     
  -130640889981934.81     
   741036074943468.38     
   496450974411023.12     
   326472344823245.19     
   198357298979929.78     
  -317011925205482.12     
   14090893062251.771     
  -119186420074828.28     
   68093107618985.078     
   115883726723845.03     
   820512564404714.75     
   105968618978342.03     
  -316470324863818.69     
  -198404618025675.88     
  -11180729936166.365     
  -393468643723788.44     
  -92005013610054.234     
  -66660042958147.586     
  -1444951525500262.5     
   452139489879323.12     
   69603354315883.039     
  -133732682319985.00     
   58095362957456.250     
  -77708483889885.953     
   247134005166859.44     
   1192940549987149.2     
  -343109519953989.00     
  -102616790467001.42     
   52247780260429.406     
   205201402504.61108     
  -44425627333920000.     
  -48158627389404.414     
   2258557416554553.0     
  -188225050778796.75     
  -364678617127785.06     
   209893116516513.94     
   7896797297073016.0     
   189199864370486.84     
  -38821134343604.531     
   55579520868666.992     
  -134524403795489.47     
  -252215291902180.72     
  -63860585454416.672     
  -66234170503016.172     
  -18091909112210.930     
  -31933141425008.996     
   217169896353869.16     
  -161635083630679.59     
  -256263223711534.91     
   140668770613038.69     
  -3469121787888700.5     
  -208865692045409.94     
  -63641466032736.469     
  -19284630218414344.     
  -174984677630408.84     
  -2250907744697710.5     
  -222909084794830.62     
   407108177870603.75     
  -71723068217512.891     
   22689539803304.000     
  -79395190601698.953     
   101409799330287.86     
  -86052539012107.359     
   252461142922602.75     
   334426324396483.44     
  -1477539596741476.0     
  -198945011600756.94     
  -2556711333095.3779     
  -491877265935094.81     
   158578864360380.75     
   3753488356609144.5     
  -167807268034465.44     
  -123340387018807.73     
  -180950215947954.53     
  -233088720374438.47     
  -18153032933709.191     
   50792865413367.625     
   55669298561683.320     
  -10203457795485728.     
   150214343919710.38     
  -293610543036795.00     
   120389656048834.83     
  -11164897783799.863     
  -49748133241393.867     
  -613709794976805.50     
  -668105237977697.75     
  -3318375659877829.5     
  -162192884452279.03     
  -104088359354475.36     
   110141873176680.08     
   21594439421139.762     
   146400896108647.19     
  -383645411691452.00     
  -149744392097785.97     
  -455717588734778.25     
   245096478188758.28     
  -82470913572854.344     
  -114121160959949.61     
   59805530135775.047     
   89327265602256.562     
   149614024642919.34     
  -240582492055512.03     
  -320181144804879.69     
  -2021305585129657.8     
  -291553872446019.12     
   4253359881726.7852     
   59441333609899.820     
  -824173432283759.12     
  -151576373573758.28     
  -98783172258674.453     
  -584099535142552.25     
   124246954560077.42     
  -43342602256204.977     
  -35953527134633.703     
   97423983161065.703     
   281154182154256.88     
   182130308840981.72     
  -781186602985433.12     
   142720251967968.34     
   6186838331553256.0     
   34608324805024.848     
   49367021852044.656     
  -87148215449930.562     
   900880963912158.62     
   1176587050852392.5     
  -227895131478987.62     
   145144422716754.22     
  -94989381765586.312     
   10135786880781.848     
   181404940400838.50     
   3336330969057777.5     
  -167553679544594.69     
  -329917053738722.81     
  -172732861085973.03     
   52219070033704.031     
  -1403641460496925.2     
  -16823965290534.453     
  -202137431295199.50     
   118610921333613.47     
   96764875515216.188     
   106759993732474.33     
   76994908183246.422     
   137694467728250.14     
  -7386264512859.5215     
   75469237047632.797     
  -38523235918954000.     
  -210406236614742.88     
   426727264601185.88     
   51470871884787.953     
   116798341430887.17     
  -78116796949070.484     
  -19645602253064.973     
   190720153949404.50     
  -69016004307406.695     
   332612674080908.19     
  -102219115578423.59     
  -2158858122637008.2     
  -198132414046136.62     
   22168248765143.727     
  -63807051067317.805     
   1155269727817850.0     
  -513525192570558.19     
   125859665640229.73     
  -183317727859920.28     
   92364396239605.141     
  -253432322843749.50     
  -5930194585753.5781     
  -37797307488886.508     
   209999366032359.53     
  -116567710576881.09     
  -74461346965978.078     
   312395415098481.44     
   161016723342533.56     
  -29579256687974.211     
   2262134752098303.5     
   127549311840760.30     
  -182846000463510.38     
   83483080959244.719     
   897707700947450.88     
  -275942930511171.72     
  -99988489694368.203     
   8272262119055.6748     
   66761608640945.352     
  -471855913292943.88     
  -343615515092603.69     
  -230998853797384.94     
   129589399597858.53     
  -1475883803602381.8     
  -35416636484133.625     
  -16039557165332.996     
   50566555960685.008     
  -83084820857020.188     
  -224103568508644.41     
  -209165717387287.81     
   308768361833261.38     
  -56817450355208.578     
  -12213173160639.260     
  -50067393321524.750     
   196749143338147.72     
   54490605406199.242     
  -82402460248541.203     
   191121672482530.12     
   1774666916987190.0     
  -85577260166320.125     
   3556801803931.8857     
   107235587568228.88     
   217581917364676.81     
   80752086819834.641     
  -89818219761498.766     
  -42303702279919.430     
  -122191162904490.73     
  -31712842144694.965     
  -73471181174505.922     
  -213158594369219.75     
  -84791396696776.578     
  -167019775646259.09     
  -566623523011477.25     
   98189436593656.422     
   224259786309480.12     
   9073059096204.1113     
   37417815299522.219     
  -51063172040321.180     
   90156251288578.938     
   3155235534409099.0     
   204712917135428.56     
   110996661566645.00     
  -50871392036778.352     
   1535907982434269.8     
  -122407392837202.58     
  -99713759787819.984     
   5087172211787049.0     
   4907153389672861.0     
  -251427773484662.31     
  -62056543431496.492     
  -89143090515841.469     
   62480196813332.664     
   193709253001081.22     
   917686489409671.38     
  -1417269820452832.0     
  -126728859181935.27     
   63124023301045.742     
   570785079447367.12     
   29148638703983.871     
  -186399026491870.69     
   124561473657207.09     
  -119275542498990.53     
   157705291240930.22     
   2892532339682898.5     
  -1249512366421760.2     
   128720182305211.52     
  -65561980979817.969     
   1117363417701635.5     
   104833012577947.62     
  -108941097820768.62     
   203956301631377.81     
  -540532371620740.12     
   141848240260188.72     
  -10783789335294.371     
  -1202921118073658.2     
  -102350428716439.77     
  -1069376867616535.4     
   243916930735563.66     
  -79327820175177.516     
  -415983162285940.81     
  -45223780914317.641     
  -603558873614909.38     
  -169202101951664.50     
  -69542072928391.328     
  -126434884361617.59     
   1343627530290178.5     
  -84650346289473.953     
   39619433948328.492     
   64870776758327.664     
   63321910437456.547     
   46743152874641.633     
   941359439819054.00     
  -735784740436752.12     
   127657463271602.94     
  -163132389976269.56     
   181596161222676.31     
   415069465662.13605     
  -95377251803125.578     
   2874287106037781.5     
   94798156726621.672     
   330931629819614.69     
   251672832392382.84     
   78286186602675.094     
   78260799521193.969     
   154692268861985.12     
  -79909417212000.297     
   202789919952800.25     
  -386904959054811.62     
   108157152057190.64     
   102673500704997.19     
  -26301013475499.477     
   76873056688791.344     
  -219153975553101.22     
   73868657486357.938     
   252279433815180.25     
   768811098481238.75     
   255568466106825.19     
   296569597985382.06     
  -59471505599835.797     
   39389973831193.195     
   167280555092037.81     
   82281786102999.578     
  -838235004956063.62     
   3617474616820626.0     
  -212103122263751.06     
  -113596653442555.50     
  -53292482694457.195     
   44892682014599.766     
   652044260539286.38     
   147297288433530.59     
   136821934501931.64     
   240456163678553.56     
  -5311406177267824.0     
   20826080745900.047     
  -1051203999790.0466     
   185980246540496.22     
  -51659492264528.883     
   286828600067163.25     
   541918444754850.62     
   11050527209549954.     
  -643803346295902.75     
   69454147984668.445     
   122952538580522.11     
  -98452802233564.219     
  -123750976844689.09     
   107211173516403.23     
   567518017748682.00     
  -76814700836904.297     
   6305323914143509.0     
   428540142913846.44     
   81750316438495.219     
   220561172035674.59     
   432724337819403.38     
   54022069048101.836     
   97903061032154.719     
   95017537995469.250     
  -32635525386131.695     
   79537867254334.000     
  -181993506721892.53     
  -996574327099196.50     
   134702221788217.91     
  -1281632076693022.0     
  -77534414278051.391     
  -83337106739048.250     
   90476085982326.172     
  -1404941879937680.8     
  -113071073119981.52     
  -69938105675793.195     
  -116505623078181.38     
  -177938272322027.66     
  -110138997698772.09     
  -166090408815748.34     
  -5276955521776.8145     
   162409720953554.31     
   242061283802730.12     
   109518287452633.52     
  -94060566890680.641     
   118085954011852.78     
   268114138209142.81     
  -1504416904679226.8     
  -47131637469822.641     
   244823819674451.50     
   130681758095280.89     
  -175099980833846.38     
   1104779224387362.1     
  -406709027258185.12     
   55422670097013.695     
  -12494228128783.463     
  -33045393523837.227     
   153954453265444.78     
  -193005260942268.31     
  -169295881110076.25     
   598930351098262.25     
   1234631726018691.0     
  -79834497178786.875     
   20890173415405.824     
   95729181376052.750     
   182515574127056.66     
  -120329044909418.86     
  -69589221223720.547     
   73577374399042.062     
   76679335986168.438     
   30583661428750.484     
   28012508688337.934     
  -171123173884792.25     
  -198647263477546.75     
   240096091185859.47     
   292352244946703.44     
  -423616479132122.88     
  -288583351659218.12     
   22168765041584.781     
   135060720922077.86     
  -112870188559337.22     
   140624492886685.44     
  -659446187417942.88     
   157710066149113.06     
   48942972529730.422     
   110550086719621.56     
   15877570757903.020     
  -59138354115255.938     
   373063605174041.94     
  -133156960247259.80     
   464742604845243.56     
  -96687404410761.375     
  -28204584965026.227     
   19975593400450.145     
  -37502012066305.688     
  -193184820942150.28     
   73990000857900.094     
  -201713869124160.81     
  -511936608363775.56     
   73722658224439.828     
  -89266495868277.609     
  -5050080085971.6494     
   162452471176905.06     
  -259015755983723.00     
  -125262097423164.00     
  -283319976579179.94     
   134829914600254.58     
  -607466967045906.88     
  -43148750940898.539     
  -20299941366664.352     
  -133820108985809.17     
   85990310262809.375     
   124679572108650.97     
  -211583658300737.06     
  -257993897335498.44     
  -116539343043819.42     
  -12466887779982.207     
  -210075693296512.16     
  -54063839843071.492     
  -240208322442189.28     
  -264202467647970.75     
  -91762428669676.969     
  -89248057341337.453     
   261830787319321.84     
  -25409577640091.586     
   548375221759963.56     
  -511414821697295.50     
  -471711108342577.06     
  -67311591464160.969     
  -148657547025526.16     
  -258550449418393.94     
   97653055447317.562     
   117425701326425.23     
   616308854997032.38     
   81617743683269.234     
  -492956469475306.00     
   680750311991397.12     
   635957572900683.38     
  -75879963127750.281     
   5664912545784.6836     
   64168054045667.961     
   66728919707650.000     
   1214975292921458.5     
   235980788306760.53     
  -7308076880912497.0     
   181073725936159.22     
   28466890354020.070     
   20477407026568.074     
  -248663123056611.72     
   114811762241407.44     
   161536742926523.16     
   192472504475185.34     
   385031849179489.94     
   171243761603909.47     
  -28531336898436.512     
   72041887696576.547     
  -526713133110347.25     
  -163240506121842.41     
  -106999256368926.61     
  -364562105667016.94     
   190116481252802.53     
   695577080798540.62     
   8331598981699514.0     
  -117194421285691.23     
   420631644258313.94     
  -5496045883107633.0     
  -117909857785998.95     
  -95898623819202.641     
  -53019441913151.078     
   1024562018286498.2     
  -88881381255484.516     
  -66074260761943.047     
  -102849575550775.45     
  -145671755907909.59     
   491973272769306.00     
   125611882855615.94     
   75379804899114.719     
  -4412866143930.7178     
   1392958956192823.2     
   206400458988210.81     
   127637300400470.67     
  -202072711135524.78     
   213074664601339.56     
   324425940719113.69     
  -44733967168008.258     
   29345895020728.441     
  -106453838779882.00     
   363535233562922.25     
  -79223759201188.906     
   9832250689766536.0     
  -472287310721921.94     
   73356351988242.094     
   4229996327150.2339     
   69880129637509.617     
   288207202048503.19     
  -398790666660484.38     
   387142405148363.12     
   75888785423625.422     
   60021779530559.586     
  -31697017372578.832     
  -11451528424970.928     
   755218779554250.88     
   128006636007382.23     
   246136790466262.75     
  -135208911601167.81     
  -226411037571655.69     
  -363243817976093.81     
   10721319982635.180     
   98768546237159.031     
  -357284870968914.56     
  -102527778824400.67     
   178270663120762.62     
   1180484279733103.2     
  -107195860756950.78     
  -57042259478226.062     
  -8834848954933.6699     
   42306165703852.977     
  -196164845937126.38     
   433678303507880.44     
   567524013305056.75     
  -150262401202394.50     
   86005882013060.312     
  -85982519704814.031     
   40573175715070.930     
   117914149233828.31     
  -287852612514665.81     
  -424173325518666.56     
   129244765668003.66     
   116013508886832.11     
   214945416033689.47     
   29111267371516.863     
   253361597352118.78     
  -201648017081625.50     
  -223605436569833.34     
  -252136093625813.62     
   92096929217963.203     
   671870931451290.75     
   31449912365348.984     
  -4615438173177.0664     
   435001754711581.44     
  -428238678221252.06     
   4317549857409588.5     
  -76147270425571.219     
   465441662876068.00     
   537016617469813.75     
   207209898460960.62     
   42140105019533.602     
   132167857617190.00     
   1558949731888133.2     
  -160049999811759.47     
  -126935317243651.06     
  -221887968610167.50     
  -137330512849708.67     
   766546108309.10889     
   588469088406498.75     
  -252991172687180.22     
   49340956272689.281     
   282640186665482.75     
  -142149495093102.12     
  -111912533453741.83     
  -113200166915134.47     
  -51428110652512.641     
  -128761055092878.58     
   98489181889019.219     
   9290252697179482.0     
   567717355791686.25     
  -193046064379574.59     
  -48136552395750.383     
   472316778206693.06     
   62842357916710.078     
  -151340880717915.91     
   136995959402549.41     
  -214238470418933.84     
   179103733888376.38     
  -176907548639621.78     
   23439857054877.852     
  -8402169348330.2041     
  -83543870679907.391     
  -483072364278718.19     
  -92932672144585.203     
  -303162075583214.69     
   327730892548758.31     
   211900467796674.59     
  -82547433953767.406     
  -18240140645146.215     
   48968047952161.844     
  -1268797807262769.2     
  -464825656606296.56     
   1242030982637533.2     
   202037451092602.75     
  -88914341173291.109     
   996837881163.97266     
  -32049060693892.711     
  -151013166457888.75     
   539542611863716.31     
   346430604561012.00     
  -300609081253611.88     
  -91468956506509.031     
  -140890391609381.16     
   32638688527505.090     
  -720435706700314.75     
   205982543453690.28     
   427731016755099.75     
   153678041880466.62     
   113407276453178.11     
   57304757393324.273     
  -41852763533145.797     
  -36620828312481.383     
   88712425463797.062     
  -433069201829846.19     
   189801485140417.16     
   61634062907509.695     
   2870195083602625.0     
  -25700462903564.965     
   57638874322126.375     
   757943768920370.00     
  -89912830468862.281     
  -387602626613955.38     
   698655981995617.12     
   118862621542466.14     
  -68632386846659.250     
   53522054495603.000     
  -91071097785821.281     
   209207245758104.34     
   626617353834688.62     
   6831426788533433.0     
   288330287492633.19     
  -170314335530617.38     
  -402437128650255.12     
   10060616624604.547     
   37690852073768.242     
   99356919983301.719     
  -120406464012078.22     
  -185234159014729.59     
  -158235584674191.41     
  -182240988238277.28     
  -148206530616319.34     
  -654893601560457.25     
   108375722960493.28     
  -124538829270430.59     
  -192217927013049.31     
   198763136917312.47     
   204223419444860.75     
  -292188300516426.56     
   900030828351168.00     
  -173261510534994.31     
   330834993601101.19     
  -160037194420593.03     
  -135514365393270.70     
   650197796317159.00     
  -50251055688359.797     
  -84026731676939.688     
   31049047254571.336     
  -114115802105456.66     
  -143062528457415.00     
   139406273885497.66     
   104935372894570.97     
   118616689054692.36     
   125657215354442.02     
   141438684990262.47     
   47310656266056.297     
   210054467150735.25     
   134010569817936.44     
  -714902304613514.12     
  -123525131291875.61     
  -1266484177452014.5     
   118799449396063.62     
  -22996151525594.207     
   48428044605828.273     
  -268147603759815.88     
  -151218307389860.75     
   101416328409609.88     
  -1757899446035462.0     
   95324079070555.656     
  -210646193983049.28     
   95547831734109.297     
   337182523211537.62     
  -151958046640827.72     
   240076825757450.66     
  -423775750325521.69     
  -103446850518440.42     
   380737359605865.94     
   11089673436508.207     
   30070983641045.863     
  -51144575759758.672     
  -149836526165786.78     
  -264860134311774.22     
   5047875674401604.0     
  -570569108699907.62     
   33798724238216.789     
   2738281855194.3384     
   32314584895304.852     
  -121486936973378.36     
   1153735861604293.0     
  -121876664223258.91     
  -94826609915228.906     
   62981069667228.969     
   14450955545800.434     
   49456079037130.031     
  -329492595675949.31     
  -146508636688690.34     
  -342756922001997.44     
  -816064219500682.62     
   76900478846602.922     
  -173962077359292.44     
  -11528703698543.393     
  -37688502351433.086     
  -51295932395688.172     
  -5016730355900965.0     
   140989114741668.62     
   525473984666223.06     
   50501290975873.602     
   61903263722507.477     
   11782335426005.385     
  -142701908058750.09     
   50474313802912.836     
   1091700880780482.4     
  -134814705278663.06     
  -123049277853248.42     
   1273158370353367.8     
  -36869029742879.312     
  -74415946302670.906     
  -414181877906542.44     
  -69587449089883.891     
   278430055687836.03     
  -73073849369006.109     
  -230524177074561.56     
   182339259480324.03     
  -9453314747047.1113     
  -220615164377205.03     
   212551932858514.03     
  -159843334866699.81     
  -87991972405562.141     
   981320937103290.12     
  -111272757189585.83     
  -49981318529698.914     
  -12154281118837.857     
  -58996589551166.938     
   110638181763765.36     
   143273562499055.09     
   2327542410904981.5     
   82073358278135.703     
   100249048216607.45     
  -5739183714370.5781     
  -74726147881326.562     
   52095775536564.375     
  -139275138430650.20     
  -355457566481628.38     
  -819684672815999.75     
   88713245929245.266     
   37946523663928.945     
   25205558739162.379     
  -62057047758083.023     
  -68731702378486.484     
  -200742946865376.38     
  -140348671004157.47     
   301470604982851.94     
   5729129832736182.0     
  -14101489269182.098     
  -42044712800048.461     
  -167489907540321.06     
   219818535005876.22     
   132805826543990.94     
  -452918022899461.88     
   565432153941045.38     
   8785426409057003.0     
  -25280609980699.797     
  -74199316416924.031     
   382259575742345.00     
  -364837667367305.38     
  -144212657011990.19     
   236249629962336.03     
   126496706099912.22     
   432953827711356.25     
  -17973185112637.461     
   83700480354849.062     
  -43158825320811.641     
  -217273748572177.12     
  -169451555947470.69     
  -82988611861291.531     
  -142364640652461.16     
   40097147502132.969     
  -133524804271811.08     
  -121140527014113.45     
   141194905786739.00     
  -546805214779203.81     
  -133881361380574.58     
  -63342783695756.797     
  -44057575560012.500     
  -323141254631029.12     
  -76027308995968.547     
  -66010123244578.867     
  -68689217834858.359     
   213173534249148.94     
   355383743854339.94     
   57782563467975.984     
  -2045235722039112.5     
  -95347437297182.953     
   114996831325168.98     
  -147533341812443.81     
   77604753111004.188     
   186479960199375.50     
  -374333131327879.62     
   52331200252911.969     
  -111059275910.91815     
   58486848505458.047     
   74187387623755.016     
  -154733724782257.47     
  -70925706307075.078     
   103715690096755.80     
  -207565996703079.31     
   21751771085343.957     
  -25027974379192.641     
   101833701711882.44     
  -139428437177476.94     
  -68906490954687.070     
   342778013672860.31     
   336944641764713.31     
  -30494499746174.816     
   16900656355498.371     
  -51753853399959.242     
  -49164892437455.352     
  -150402573488235.72     
  -5945585308845895.0     
   109353662975729.19     
  -101165617239194.08     
  -150509230638062.53     
  -7450863149159.8281     
  -334751968154466.00     
   170058847988698.34     
  -264143184318922.00     
  -5013414872542372.0     
  -63859809772701.117     
  -271424971075682.84     
  -14434580000136.604     
   34091545453821.191     
   89033926114660.141     
   94210762908083.078     
   285271967711763.38     
  -519937242714683.44     
  -4227390370297630.0     
  -30145325110543.754     
   3146573364267.4028     
  -72031209255603.172     
  -40512392726151.609     
  -152628722153504.47     
   113940247656793.34     
   135543902810113.98     
   61458753774804.016     
   58864983976119.344     
  -62565258034748.539     
  -53374756662207.531     
  -74436525969316.250     
  -93472200171313.125     
  -151173624572939.66     
   144443165853500.50     
   62387267341001.875     
  -28811722508471.434     
  -322838974226878.12     
  -2591342623862862.5     
   172356047677439.31     
  -134896943969076.17     
   116455007582767.97     
  -3547206066256886.5     
   73495342271800.953     
   40429026837429.867     
   197531990707291.84     
  -1386873149539335.5     
  -164460346876628.16     
  -1227999160577072.5     
  -630154032732090.38     
   123919265220959.25     
  -44791592452996.383     
   34700871573880.059     
  -116906937475869.05     
   318430433069075.50     
   180956570581274.28     
   356747549213023.06     
   186015246997477.81     
  -93409341773284.469     
   5958965037050.4170     
  -123468310680268.88     
  -247424660379558.31     
   91260433548828.719     
   152066995766139.28     
   106831145513699.22     
   273894411691572.31     
  -25144978183546.402     
   15350469231318.912     
  -68198480033407.312     
  -117641056014523.80     
  -67009181293539.617     
   964351122378874.88     
   161844126837828.41     
  -5982925723774609.0     
   16215037268960.127     
   288422297602140.00     
   152088224549213.44     
  -181363732260015.78     
  -354692851998957.75     
   568397379720575.25     
   88699888498658.375     
   3144633006371994.5     
  -12913272138971.387     
   932098506772299.50     
  -193745350871937.03     
  -75751366587457.438     
  -2389526510253031.0     
   1089985142894366.2     
   111703031861737.28     
  -34244016712599.250     
   253405276458065.97     
   84301159983752.484     
  -157424880382026.00     
   90244560111488.484     
  -86649934686926.547     
   55045954615100.680     
   279710331057695.56     
  -10465486399774.672     
  -57977602736901.242     
   69676305864129.867     
   114472474273506.14     
  -145407306803028.41     
  -134756317510750.47     
  -40535491130121.445     
   56447781507734.805     
  -28426036707301.035     
  -169040494729200.09     
  -7406138701745283.0     
  -277262899166529.31     
   66098091375899.492     
   57592284130009.477     
   66811338562922.711     
   22009922503687.414     
   40929509799476.016     
   301714476954008.12     
  -129496745884114.62     
   149696595165176.16     
   225865792881330.16     
   215912180942937.94     
  -53099173603021.492     
   17900064792556.887     
  -2945517801266130.0     
   61511370603457.023     
   288901024258102.19     
  -1656358162689669.2     
   61743175628544.367     
   2601907008642168.5     
   35454365241572.703     
  -75573749702857.422     
  -78419153316174.359     
   122866097996575.64     
  -245473431662815.34     
   111673099514943.97     
  -74656002456953.109     
  -191057759195238.25     
  -5232462505727.9238     
  -79508023188108.188     
   70213513944936.836     
  -104152935481747.91     
  -931225130763758.00     
   1126138020208988.0     
   154543491507947.88     
  -116996276513135.42     
  -27424866666307.043     
   41865177457237.125     
   152872497744089.88     
  -1461197101029380.8     
   429741691288763.75     
   45422168356110.883     
   34314628100352.785     
  -50531221007456.352     
  -159152848281379.66     
   65895569692918.062     
  -554014977082870.50     
  -151420050383722.81     
  -768151410318601.62     
  -175978828763802.53     
   94835335787541.141     
   8284698596053.0312     
   208788764022538.81     
   69003867300425.258     
