   0.0000000000000000     
   4.0330574144871014E-003
   8.1324328602709467E-003
   1.2298371534883433E-002
   1.6531038370699077E-002
   2.0830517277445691E-002
   2.5196810531074674E-002
   2.9629838311085326E-002
   3.4129438388099377E-002
   3.8695365963176090E-002
   4.3327293660045750E-002
   4.8024811671123102E-002
   5.2787428057838558E-002
   5.7614569205498817E-002
   6.2505580432559382E-002
   6.7459726753857738E-002
   7.2476193797021859E-002
   7.7554088870936344E-002
   8.2692442184806536E-002
   8.7890208216035715E-002
   9.3146267224788123E-002
   9.8459426912787348E-002
  0.10382842422356701     
  0.10925192728107160     
  0.11472853746318382     
  0.12025679160644408     
  0.12583516433792288     
  0.13146207052990505     
  0.13713586787275772     
  0.14285485956107311     
  0.14861729708790344     
  0.15442138314164325     
  0.16026527459987344     
  0.16614708561423133     
  0.17206489078015433     
  0.17801672838513344     
  0.18400060372890520     
  0.19001449250884345     
  0.19605634426362623     
  0.20212408586811129     
  0.20821562507221308     
  0.21432885407645089     
  0.22046165313673721     
  0.22661189419088362     
  0.23277744449923610     
  0.23895617029179345     
  0.24514594041413335     
  0.25134462996444729     
  0.25755012391399329     
  0.26376032070329036     
  0.26997313580640997     
  0.27618650525579191     
  0.28239838912006660     
  0.28860677492746267     
  0.29480968102749922     
  0.30100515988376375     
  0.30719130129075256     
  0.31336623550787213     
  0.31952813630392224     
  0.32567522390552855     
  0.33180576784324145     
  0.33791808968921710     
  0.34401056568065080     
  0.35008162922337605     
  0.35612977327032558     
  0.36215355256982118     
  0.36815158577894985     
  0.37412255743761041     
  0.38006521979911112     
  0.38597839451354099     
  0.39186097416047250     
  0.39771192362789881     
  0.40353028133467367     
  0.40931516029407594     
  0.41506574901650345     
  0.42078131224966964     
  0.42646119155505863     
  0.43210480571979282     
  0.43771165100344078     
  0.44328130121970460     
  0.44881340765329525     
  0.45430769881272987     
  0.45976398002015778     
  0.46518213283971832     
  0.47056211434633005     
  0.47590395623720899     
  0.48120776378876018     
  0.48647371466191869     
  0.49170205755934454     
  0.49689311073825992     
  0.50204726038307979     
  0.50716495884232438     
  0.51224672273464200     
  0.51729313092910989     
  0.52230482240528564     
  0.52728249399878491     
  0.53222689803845591     
  0.53713883988150213     
  0.54201917535315369     
  0.54686880809772831     
  0.55168868684818106     
  0.55647980262140251     
  0.56124318584675925     
  0.56597990343553350     
  0.57069105579904178     
  0.57537777382339350     
  0.58004121580891965     
  0.58468256438242328     
  0.58930302339044183     
  0.59390381478179466     
  0.59848617548768102     
  0.60305135430760404     
  0.60760060880939137     
  0.61213520225151619     
  0.61665640053586235     
  0.62116546919899240     
  0.62566367044985116     
  0.63015226026171289     
  0.63463248552601370     
  0.63910558127551242     
  0.64357276798405261     
  0.64803524894994879     
  0.65249420776975231     
  0.65695080590894128     
  0.66140618037572341     
  0.66586144150387638     
  0.67031767085021443     
  0.67477591921190316     
  0.67923720476852434     
  0.68370251135336579     
  0.68817278685806937     
  0.69264894177431935     
  0.69713184787587545     
  0.70162233704380084     
  0.70612120023729985     
  0.71062918661214536     
  0.71514700278822485     
  0.71967531226723991     
  0.72421473500119360     
  0.72876584711176939     
  0.73332918076028419     
  0.73790522416741899     
  0.74249442178146885     
  0.74709717459338065     
  0.75171384059641300     
  0.75634473538781033     
  0.76099013290942252     
  0.76565026632376909     
  0.77032532902168027     
  0.77501547575717822     
  0.77972082390492614     
  0.78444145483514438     
  0.78917741540061426     
  0.79392871952996336     
  0.79869534992117808     
  0.80347725982894846     
  0.80827437493920695     
  0.81308659532393912     
  0.81791379746913817     
  0.82275583636855576     
  0.82761254767572978     
  0.83248374990662166     
  0.83736924668504509     
  0.84226882902299760     
  0.84718227762790310     
  0.85210936522875558     
  0.85704985891311092     
  0.86200352246689238     
  0.86697011870902485     
  0.87194941181292873     
  0.87694116960706636     
  0.88194516584677740     
  0.88696118244983368     
  0.89198901168828182     
  0.89702845832933353     
  0.90207934171833137     
  0.90714149779693554     
  0.91221478105010512     
  0.91729906637557879     
  0.92239425086993621     
  0.92750025552565407     
  0.93261702683384129     
  0.93774453828779081     
  0.94288279178272838     
  0.94803181890767196     
  0.95319168212556449     
  0.95836247583835865     
  0.96354432733410256     
  0.96873739761347899     
  0.97394188209373211     
  0.97915801118830925     
  0.98438605076102026     
  0.98962630245388639     
  0.99487910388840717     
   1.0001448287402854     
   1.0054238866881899     
   1.0107167232375009     
   1.0160238194204538     
   1.0213456913744769     
   1.0266828898009714     
   1.0320359993071631     
   1.0374056376340273     
   1.0427924547736960     
   1.0481971319801442     
   1.0536203806771993     
   1.0590629412684034     
   1.0645255818534372     
   1.0700090968561937     
   1.0755143055698686     
   1.0810420506246272     
   1.0865931963837745     
   1.0921686272744124     
   1.0977692460589310     
   1.1033959720537589     
   1.1090497393019034     
   1.1147314947061646     
   1.1204421961296678     
   1.1261828104708052     
   1.1319543117194388     
   1.1377576790014492     
   1.1435938946186235     
   1.1494639420908619     
   1.1553688042077124     
   1.1613094610960999     
   1.1672868883110838     
   1.1733020549563133     
   1.1793559218407725     
   1.1854494396782236     
   1.1915835473355290     
   1.1977591701359471     
   1.2039772182231359     
   1.2102385849914457     
   1.2165441455878165     
   1.2228947554902305     
   1.2292912491674959     
   1.2357344388246911     
   1.2422251132383961     
   1.2487640366853536     
   1.2553519479679462     
   1.2619895595395028     
   1.2686775567319331     
   1.2754165970880074     
   1.2822073097999962     
   1.2890502952560865     
   1.2959461246955744     
   1.3028953399733738     
   1.3098984534340006     
   1.3169559478947312     
   1.3240682767372514     
   1.3312358641067406     
   1.3384591052167292     
   1.3457383667579872     
   1.3530739874089306     
   1.3604662784449766     
   1.3679155244436645     
   1.3754219840820907     
   1.3829858910228949     
   1.3906074548845395     
   1.3982868622915126     
   1.4060242779996042     
   1.4138198460911928     
   1.4216736912352252     
   1.4295859200063195     
   1.4375566222571512     
   1.4455858725381801     
   1.4536737315584927     
   1.4618202476815076     
   1.4700254584490342     
   1.4782893921271927     
   1.4866120692676028     
   1.4949935042771505     
   1.5034337069897261     
   1.5119326842332503     
   1.5204904413854190     
   1.5291069839116389     
   1.5377823188786555     
   1.5465164564376770     
   1.5553094112707424     
   1.5641612039943800     
   1.5730718625148243     
   1.5820414233291367     
   1.5910699327670510     
   1.6001574481683973     
   1.6093040389914464     
   1.6185097878477124     
   1.6277747914590870     
   1.6370991615336370     
   1.6464830255565681     
   1.6559265274934480     
   1.6654298284029545     
   1.6749931069570168     
   1.6846165598664529     
   1.6943004022107064     
   1.7040448676707163     
   1.7138502086642515     
   1.7237166963836534     
   1.7336446207361598     
   1.7436342901874633     
   1.7536860315096801     
   1.7638001894350337     
   1.7739771262172739     
   1.7842172211029854     
   1.7945208697153914     
   1.8048884833536964     
   1.8153204882111573     
   1.8258173245155949     
   1.8363794455962403     
   1.8470073168811216     
   1.8577014148294597     
   1.8684622258038079     
   1.8792902448868409     
   1.8901859746479241     
   1.9011499238647560     
   1.9121826062055169     
   1.9232845388771040     
   1.9344562412450539     
   1.9456982334309358     
   1.9570110348929137     
   1.9683951629953103     
   1.9798511315729064     
   1.9913794494957284     
   2.0029806192400099     
   2.0146551354709121     
   2.0264034836424978     
   2.0382261386203360     
   2.0501235633319377     
   2.0620962074500913     
   2.0741445061139383     
   2.0862688786924339     
   2.0984697275946576     
   2.1107474371311143     
   2.1231023724299822     
   2.1355348784119523     
   2.1480452788271052     
   2.1606338753568113     
   2.1733009467835696     
   2.1860467482311381     
   2.1988715104772960     
   2.2117754393409719     
   2.2247587151452572     
   2.2378214922577251     
   2.2509638987086431     
   2.2641860358879611     
   2.2774879783211026     
   2.2908697735236694     
   2.3043314419345462     
   2.3178729769269175     
   2.3314943448960230     
   2.3451954854226296     
   2.3589763115104931     
   2.3728367098961773     
   2.3867765414290787     
   2.4007956415194509     
   2.4148938206518227     
   2.4290708649611856     
   2.4433265368689359     
   2.4576605757754928     
   2.4720726988062549     
   2.4865626016075808     
   2.5011299591890266     
   2.5157744268083113     
   2.5304956408950710     
   2.5452932200096199     
   2.5601667658326743     
   2.5751158641820275     
   2.5901400860521777     
   2.6052389886727583     
   2.6204121165817593     
   2.6356590027094491     
   2.6509791694689011     
   2.6663721298492709     
   2.6818373885077742     
   2.6973744428565869     
   2.7129827841408258     
   2.7286618985041180     
   2.7444112680380184     
   2.7602303718120105     
   2.7761186868808370     
   2.7920756892659657     
   2.8081008549083379     
   2.8241936605896276     
   2.8403535848194217     
   2.8565801086859723     
   2.8728727166683430     
   2.8892308974079874     
   2.9056541444380448     
   2.9221419568688067     
   2.9386938400280367     
   2.9553093060552045     
   2.9719878744486072     
   2.9887290725649773     
   3.0055324360710709     
   3.0223975093471753     
   3.0393238458426173     
   3.0563110083835761     
   3.0733585694338528     
   3.0904661113091327     
   3.1076332263460933     
   3.1248595170271414     
   3.1421445960625114     
   3.1594880864311063     
   3.1768896213819291     
   3.1943488443980517     
   3.2118654091251715     
   3.2294389792670235     
   3.2470692284501483     
   3.2647558400602956     
   3.2824985070533481     
   3.3002969317432993     
   3.3181508255702101     
   3.3360599088509133     
   3.3540239105155152     
   3.3720425678325783     
   3.3901156261259300     
   3.4082428384862848     
   3.4264239654803879     
   3.4446587748609159     
   3.4629470412798491     
   3.4812885460083192     
   3.4996830766656459     
   3.5181304269603486     
   3.5366303964456902     
   3.5551827902923208     
   3.5737874190803574     
   3.5924440986131785     
   3.6111526497550619     
   3.6299128982946050     
   3.6487246748356399     
   3.6675878147174021     
   3.6865021579653114     
   3.7054675492735254     
   3.7244838380205239     
   3.7435508783183749     
   3.7626685290965391     
   3.7818366542204127     
   3.8010551226452134     
   3.8203238086049356     
   3.8396425918363941     
   3.8590113578380518     
   3.8784299981629125     
   3.8978984107449977     
   3.9174165002582209     
   3.9369841785068416     
   3.9566013648460032     
   3.9762679866310848     
   3.9959839796941825     
   4.0157492888461261     
   4.0355638684020292     
   4.0554276827284745     
   4.0753407068102456     
   4.0953029268344050     
   4.1153143407893999     
   4.1353749590769526     
   4.1554848051340958     
   4.1756439160632750     
   4.1958523432675037     
   4.2161101530885778     
   4.2364174274453257     
   4.2567742644697502     
   4.2771807791382797     
   4.2976371038957026     
   4.3181433892693661     
   4.3386998044711351     
   4.3593065379847928     
   4.3799637981365249     
   4.4006718136462970     
   4.4214308341580324     
   4.4422411307463152     
   4.4631029963979358     
   4.4840167464661382     
   4.5049827190960317     
   4.5260012756193184     
   4.5470728009169648     
   4.5681977037482779     
   4.5893764170450613     
   4.6106093981698280     
   4.6318971291367408     
   4.6532401167945521     
   4.6746388929705338     
   4.6960940145748449     
   4.7176060636644710     
   4.7391756474665767     
   4.7608033983604434     
   4.7824899738180822     
   4.8042360563031083     
   4.8260423531277814     
   4.8479095962681695     
   4.8698385421376074     
   4.8918299713184554     
   4.9138846882523302     
   4.9360035208891864     
   4.9581873202954698     
   4.9804369602217511     
   5.0027533366302031     
   5.0251373671824275     
   5.0475899906880812     
   5.0701121665148410     
   5.0927048739602379     
   5.1153691115859301     
   5.1381058965149107     
   5.1609162636924788     
   5.1838012651112466     
   5.2067619690010645     
   5.2297994589843837     
   5.2529148331976225     
   5.2761092033792671     
   5.2993836939252557     
   5.3227394409123585     
   5.3461775910901075     
   5.3696993008419023     
   5.3933057351161873     
   5.4169980663279427     
   5.4407774732315604     
   5.4646451397655227     
   5.4886022538698489     
   5.5126500062766794     
   5.5367895892752319     
   5.5610221954514696     
   5.5853490164037103     
   5.6097712414346814     
   5.6342900562213662     
   5.6589066414632327     
   5.6836221715101889     
   5.7084378129712325     
   5.7333547233050410     
   5.7583740493937343     
   5.7834969261012095     
   5.8087244748174527     
   5.8340578019904292     
   5.8594979976470905     
   5.8850461339052780     
   5.9107032634785073     
   5.9364704181752916     
   5.9623486073953806     
   5.9883388166249141     
   6.0144420059327848     
   6.0406591084707832     
   6.0669910289797446     
   6.0934386423047258     
   6.1200027919214932     
   6.1466842884776405     
   6.1734839083509065     
   6.2004023922278826     
   6.2274404437063025     
   6.2545987279239439     
   6.2818778702176354     
   6.3092784548154928     
   6.3368010235659691     
   6.3644460747070069     
   6.3922140616788123     
   6.4201053919837854     
   6.4481204260968923     
   6.4762594764302177     
   6.5045228063548013     
   6.5329106292835286     
   6.5614231078179159     
   6.5900603529625466     
   6.6188224234098918     
   6.6477093248988153     
   6.6767210096494862     
   6.7058573758776241     
   6.7351182673904795     
   6.7645034732671494     
   6.7940127276252724     
   6.8236457094762457     
   6.8534020426706270     
   6.8832812959353209     
   6.9132829830037483     
   6.9434065628401553     
   6.9736514399585312     
   7.0040169648368220     
   7.0345024344265701     
   7.0651070927574509     
   7.0958301316368058     
   7.1266706914429188     
   7.1576278620110543     
   7.1887006836110396     
   7.2198881480142525     
   7.2511891996483415     
   7.2826027368370623     
   7.3141276131225883     
   7.3457626386675274     
   7.3775065817329466     
   7.4093581702294280     
   7.4413160933368063     
   7.4733790031889082     
   7.5055455166188487     
   7.5378142169603297     
   7.5701836559002782     
   7.6026523553779874     
   7.6352188095255347     
   7.6678814866443199     
   7.7006388312125953     
   7.7334892659181316     
   7.7664311937109343     
   7.7994629998701743     
   7.8325830540798540     
   7.8657897125075484     
   7.8990813198806844     
   7.9324562115547073     
   7.9659127155677867     
   7.9994491546765447     
   8.0330638483674335     
   8.0667551148388164     
   8.1005212729484839     
   8.1343606441218448     
   8.1682715542160818     
   8.2022523353357233     
   8.2363013275955410     
   8.2704168808264988     
   8.3045973562210911     
   8.3388411279145149     
   8.3731465844983912     
   8.4075121304640188     
   8.4419361875725176     
   8.4764171961493009     
   8.5109536163009931     
   8.5455439290527035     
   8.5801866374043616     
   8.6148802673047733     
   8.6496233685425352     
   8.6844145155532235     
   8.7192523081425808     
   8.7541353721256066     
   8.7890623598819335     
   8.8240319508280631     
   8.8590428518072848     
   8.8940937973983925     
   8.9291835501446961     
   8.9643109007048700     
   8.9994746679276041     
   9.0346736988520515     
   9.0699068686367532     
   9.1051730804190107     
   9.1404712651081219     
   9.1758003811150104     
   9.2111594140212993     
   9.2465473761913728     
   9.2819633063306100     
   9.3174062689934143     
   9.3528753540445564     
   9.3883696760776623     
   9.4238883737947283     
   9.4594306093503064     
   9.4949955676644731     
   9.5305824557086076     
   9.5661905017677515     
   9.6018189546837771     
   9.6374670830831484     
   9.6731341745934962     
   9.7088195350527613     
   9.7445224877147592     
   9.7802423724552714     
   9.8159785449821140     
   9.8517303760529664     
   9.8874972507046106     
   9.9232785674969755     
   9.9590737377750838     
   9.9948821849526155     
   10.030703343819582     
   10.066536659877276     
   10.102381588703217     
   10.138237595348439     
   10.174104153769726     
   10.209980746298656     
   10.245866863149601     
   10.281762001968273     
   10.317665667422430     
   10.353577370835925     
   10.389496629867145     
   10.425422968232656     
   10.461355915476780     
   10.497295006786985     
   10.533239782855702     
   10.569189789788064     
   10.605144579055072     
   10.641103707491915     
   10.677066737340009     
   10.713033236332052     
   10.749002777818406     
   10.784974940933420     
   10.820949310799426     
   10.856925478766930     
   10.892903042688133     
   10.928881607221722     
   10.964860784165982     
   11.000840192817479     
   11.036819460352303     
   11.072798222226670     
   11.108776122593573     
   11.144752814731964     
   11.180727961485143     
   11.216701235704415     
   11.252672320694634     
   11.288640910657607     
   11.324606711129867     
   11.360569439410584     
   11.396528824976434     
   11.432484609879122     
   11.468436549122131     
   11.504384411013048     
   11.540327977487911     
   11.576267044404066     
   11.612201421798421     
   11.648130934107728     
   11.684055420348244     
   11.719974734251615     
   11.755888744354706     
   11.791797334041009     
   11.827700401531331     
   11.863597859822233     
   11.899489636570282     
   11.935375673921174     
   11.971255928282512     
   12.007130370039560     
   12.042998983213685     
   12.078861765063252     
   12.114718725627418     
   12.150569887212992     
   12.186415283825779     
   12.222254960547037     
   12.258088972856909     
   12.293917385906369     
   12.329740273740107     
   12.365557718472296     
   12.401369809418242     
   12.437176642184593     
   12.472978317721600     
   12.508774941340379     
   12.544566621699058     
   12.580353469761716     
   12.616135597733740     
   12.651913117978081     
   12.687686141916465     
   12.723454778919985     
   12.759219135193602     
   12.794979312658965     
   12.830735407840127     
   12.866487510756862     
   12.902235703829927     
   12.937980060802861     
   12.973720645684962     
   13.009457511719413     
   13.045190700381285     
   13.080920240409158     
   13.116646146874567     
   13.152368420292934     
   13.188087045779721     
   13.223801992255146     
   13.259513211700606     
   13.295220638469681     
   13.330924188656628     
   13.366623759524497     
   13.402319228994958     
   13.438010455202056     
   13.473697276111011     
   13.509379509203425     
   13.545056951229780     
   13.580729378030110     
   13.616396544422658     
   13.652058184160913     
   13.687714009958494     
   13.723363713581428     
   13.759006966006725     
   13.794643417646187     
   13.830272698633861     
   13.865894419175619     
   13.901508169958355     
   13.937113522617265     
   13.972710030257973     
   14.008297228031356     
   14.043874633757859     
   14.079441748598322     
   14.114998057767959     
   14.150543031290233     
   14.186076124786831     
   14.221596780300288     
   14.257104427145297     
   14.292598482785023     
   14.328078353728333     
   14.363543436444088     
   14.398993118288352     
   14.434426778440768     
   14.469843788845752     
   14.505243515154831     
   14.540625317665944     
   14.575988552256032     
   14.611332571302869     
   14.646656724592541     
   14.681960360209036     
   14.717242825402050     
   14.752503467430127     
   14.787741634375324     
   14.822956675926749     
   14.858147944129696     
   14.893314794097790     
   14.928456584685375     
   14.963572679117718     
   14.998662445576910     
   15.033725257741377     
   15.068760495276967     
   15.103767544278181     
   15.138745797658192     
   15.173694655486015     
   15.208613525270367     
   15.243501822189071     
   15.278358969263509     
   15.313184397477901     
   15.347977545843140     
   15.382737861405381     
   15.417464799199649     
   15.452157822148941     
   15.486816400909758     
   15.521440013664751     
   15.556028145863770     
   15.590580289914847     
   15.625095944826148     
   15.659574615801493     
   15.694015813790292     
   15.728419054995053     
   15.762783860338029     
   15.797109754889856     
   15.831396267262456     
   15.865642928969500     
   15.899849273756578     
   15.934014836904957     
   15.968139154511302     
   16.002221762747329     
   16.036262197102179     
   16.070259991611461     
   16.104214678076190     
   16.138125785275605     
   16.171992838176976     
   16.205815357146790     
   16.239592857166841     
   16.273324847058735     
   16.307010828721079     
   16.340650296382876     
   16.374242735877161     
   16.407787623938198     
   16.441284427526483     
   16.474732603184837     
   16.508131596429511     
   16.541480841179510     
   16.574779759227578     
   16.608027759756506     
   16.641224238903526     
   16.674368579376015     
   16.707460150121427     
   16.740498306054160     
   16.773482387841817     
   16.806411721753470     
   16.839285619571825     
   16.872103378571484     
   16.904864281564777     
   16.937567597017075     
   16.970212579232481     
   17.002798468611086     
   17.035324491978681     
   17.067789862989194     
   17.100193782600339     
   17.132535439622405     
   17.164814011339729     
   17.197028664204577     
   17.229178554602367     
   17.261262829687158     
   17.293280628286244     
   17.325231081871568     
   17.357113315597019     
   17.388926449398337     
   17.420669599153793     
   17.452341877902906     
   17.483942397119801     
   17.515470268038516     
   17.546924603026465     
   17.578304517002366     
   17.609609128895137     
   17.640837563139108     
   17.671988951201875     
   17.703062433139966     
   17.734057159177802     
   17.764972291305511     
   17.795807004890381     
   17.826560490297211     
   17.857231954512486     
   17.887820622767276     
   17.918325740153769     
   17.948746573230014     
   17.979082411608026     
   18.009332569519671     
   18.039496387355591     
   18.069573233171521     
   18.099562504157383     
   18.129463628063931     
   18.159276064582013     
   18.188999306669867     
   18.218632881823577     
   18.248176353286325     
   18.277629321192109     
   18.306991423639598     
   18.336262337692446     
   18.365441780302056     
   18.394529509149407     
   18.423525323402657     
   18.452429064387285     
   18.481240616166495     
   18.509959906028509     
   18.538586904879583     
   18.567121627539731     
   18.595564132940385     
   18.623914524221927     
   18.652172948730698     
   18.680339597913992     
   18.708414707113207     
   18.736398555254805     
   18.764291464439076     
   18.792093799427338     
   18.819805967028685     
   18.847428415386524     
   18.874961633167281     
   18.902406148652304     
   18.929762528735111     
   18.957031377826407     
   18.984213336669274     
   19.011309081067182     
   19.038319320528327     
   19.065244796829148     
   19.092086282500787     
   19.118844579242424     
   19.145520516265165     
   19.172114948570808     
   19.198628755170063     
   19.225062837244479     
   19.251418116257042     
   19.277695532016196     
   19.303896040698291     
   19.330020612833611     
   19.356070231261349     
   19.382045889058375     
   19.407948587447862     
   19.433779333692538     
   19.459539138978503     
   19.485229016294902     
   19.510849978314905     
   19.536403035283751     
   19.561889192918883     
   19.587309450328171     
   19.612664797950991     
   19.637956215528018     
   19.663184670104453     
   19.688351114072219     
   19.713456483255783     
   19.738501695046775     
   19.763487646591855     
   19.788415213038636     
   19.813285245843929     
   19.838098571148510     
   19.862855988222677     
   19.887558267986059     
   19.912206151605851     
   19.936800349176057     
   19.961341538482014     
   19.985830363851921     
   20.010267435099170     
   20.034653326557208     
   20.058988576209341     
   20.083273684915532     
   20.107509115737511     
   20.131695293364174     
   20.155832603637567     
   20.179921393181072     
   20.203961969129967     
   20.227954598964587     
   20.251899510446336     
   20.275796891656192     
   20.299646891135033     
   20.323449618125206     
   20.347205142912074     
   20.370913497264283     
   20.394574674971132     
   20.418188632475381     
   20.441755289598891     
   20.465274530359423     
   20.488746203875568     
   20.512170125357162     
   20.535546077178211     
   20.558873810029223     
   20.582153044145066     
   20.605383470605620     
   20.628564752704662     
   20.651696527383358     
   20.674778406724581     
   20.697809979503432     
   20.720790812789858     
   20.743720453598836     
   20.766598430583755     
   20.789424255768218     
   20.812197426311712     
   20.834917426304195     
   20.857583728585105     
   20.880195796581670     
   20.902753086162040     
   20.925255047498023     
   20.947701126932948     
   20.970090768849538     
   20.992423417533455     
   21.014698519027252     
   21.036915522970659     
   21.059073884422254     
   21.081173065658110     
   21.103212537943246     
   21.125191783271227     
   21.147110296068288     
   21.168967584857214     
   21.190763173878185     
   21.212496604661418     
   21.234167437549772     
   21.255775253166060     
   21.277319653823518     
   21.298800264875133     
   21.320216735999814     
   21.341568742422119     
   21.362855986063540     
   21.384078196622749     
   21.405235132583144     
   21.426326582145052     
   21.447352364082025     
   21.468312328518977     
   21.489206357631041     
   21.510034366262541     
   21.530796302465038     
   21.551492147953518     
   21.572121918480985     
   21.592685664130979     
   21.613183469527783     
   21.633615453965003     
   21.653981771452830     
   21.674282610684294     
   21.694518194921635     
   21.714688781803943     
   21.734794663076517     
   21.754836164244264     
   21.774813644149699     
   21.794727494477865     
   21.814578139189656     
   21.834366033885647     
   21.854091665102370     
   21.873755549543329     
   21.893358233247191     
   21.912900290695383     
   21.932382323861777     
   21.951804961207024     
   21.971168856620576     
   21.990474688312606     
   22.009723157659295     
   22.028914988004100     
   22.048050923418067     
   22.067131727422254     
   22.086158181675618     
   22.105131084630688     
   22.124051250161099     
   22.142919506163636     
   22.161736693137904     
   22.180503662747018     
   22.199221276362422     
   22.217890403595774     
   22.236511920821265     
   22.255086709691390     
   22.273615655649152     
   22.292099646439929     
   22.310539570625682     
   22.328936316104915     
   22.347290768640661     
   22.365603810399914     
   22.383876318507003     
   22.402109163613478     
   22.420303208487450     
   22.438459306624861     
   22.456578300884843     
   22.474661022152159     
   22.492708288028624     
   22.510720901555747     
   22.528699649970878     
   22.546645303499226     
   22.564558614182879     
   22.582440314749604     
   22.600291117522623     
   22.618111713373391     
   22.635902770718609     
   22.653664934563380     
   22.671398825591567     
   22.689105039304614     
   22.706784145210442     
   22.724436686063022     
   22.742063177153607     
   22.759664105655119     
   22.777239930019483     
   22.794791079429597     
   22.812317953305630     
   22.829820920866762     
   22.847300320748190     
   22.864756460674322     
   22.882189617187542     
   22.899600035433256     
   22.916987929000740     
   22.934353479819972     
   22.951696838114110     
   22.969018122407039     
   22.986317419586147     
   23.003594785019018     
   23.020850242724322     
   23.038083785595468     
   23.055295375676607     
   23.072484944490231     
   23.089652393414827     
   23.106797594112621     
   23.123920389004940     
   23.141020591795179     
   23.158097988037685     
   23.175152335750838     
   23.192183366073756     
   23.209190783964253     
   23.226174268937427     
   23.243133475842573     
   23.260068035676969     
   23.276977556435256     
   23.293861623992012     
   23.310719803016294     
   23.327551637915832     
   23.344356653809584     
   23.361134357525945     
   23.377884238625676     
   23.394605770446532     
   23.411298411168424     
   23.427961604896709     
   23.444594782761495     
   23.461197364031364     
   23.477768757238877     
   23.494308361316197     
   23.510815566738824     
   23.527289756674968     
   23.543730308138919     
   23.560136593146186     
   23.576507979868541     
   23.592843833786532     
   23.609143518838163     
   23.625406398561104     
   23.641631837227006     
   23.657819200965665     
   23.673967858877315     
   23.690077184131432     
   23.706146555049727     
   23.722175356172215     
   23.738162979304178     
   23.754108824542666     
   23.770012301280776     
   23.785872829188371     
   23.801689839167441     
   23.817462774281122     
   23.833191090654640     
   23.848874258346974     
   23.864511762192254     
   23.880103102609421     
   23.895647796379247     
   23.911145377387463     
   23.926595397333610     
   23.941997426403777     
   23.957351053907516     
   23.972655888877320     
   23.987911560630415     
   24.003117719292220     
   24.018274036280932     
   24.033380204752856     
   24.048435940007895     
   24.063440979855141     
   24.078395084938290     
   24.093298039020521     
   24.108149649229230     
   24.122949746259835     
   24.137698184539502     
   24.152394842350514     
   24.167039621913350     
   24.181632449429969     
   24.196173275087705     
   24.210662073023659     
   24.225098841250485     
   24.239483601544105     
   24.253816399293306     
   24.268097303312590     
   24.282326405618466     
   24.296503821169928     
   24.310629687574032     
   24.324704164757410     
   24.338727434604145     
   24.352699700561782     
   24.366621187215319     
   24.380492139831059     
   24.394312823870926     
   24.408083524478208     
   24.421804545936251     
   24.435476211100823     
   24.449098860807251     
   24.462672853254105     
   24.476198563363777     
   24.489676382121871     
   24.503106715896532     
   24.516489985738364     
   24.529826626663258     
   24.543117086918755     
   24.556361827235083     
   24.569561320062839     
   24.582716048798407     
   24.595826506998009     
   24.608893197582489     
   24.621916632033422     
   24.634897329582831     
   24.647835816396839     
   24.660732624755266     
   24.673588292228551     
   24.686403360852992     
   24.699178376305742     
   24.711913887081234     
   24.724610443669810     
   24.737268597740506     
   24.749888901328536     
   24.762471906029386     
   24.775018162200496     
   24.787528218171989     
   24.800002619467055     
   24.812441908034181     
   24.824846621491577     
   24.837217292385144     
   24.849554447461447     
   24.861858606956257     
   24.874130283900318     
   24.886369983442677     
   24.898578202193303     
   24.910755427585197     
   24.922902137257807     
   24.935018798461684     
   24.947105867485902     
   24.959163789108793     
   24.971192996072954     
   24.983193908584706     
   24.995166933839471     
   25.007112465573165     
   25.019030883640127     
   25.030922553618723     
   25.042787826444364     
   25.054627038070912     
   25.066440509160582     
   25.078228544803117     
   25.089991434263702     
   25.101729450760715     
   25.113442851273216     
   25.125131876377960     
   25.136796750116638     
   25.148437679892744     
   25.160054856398848     
   25.171648453573063     
   25.183218628585990     
   25.194765521856727     
   25.206289257098351     
   25.217789941392702     
   25.229267665293570     
   25.240722502958612     
   25.252154512308937     
   25.263563735216394     
   25.274950197717850     
   25.286313910255664     
   25.297654867944182     
   25.308973050861379     
   25.320268424364773     
   25.331540939431374     
   25.342790533020199     
   25.354017128457397     
   25.365220635842221     
   25.376400952473638     
   25.387557963296445     
   25.398691541365867     
   25.409801548329632     
   25.420887834926795     
   25.431950241501905     
   25.442988598533699     
   25.454002727177315     
   25.464992439818580     
   25.475957540639723     
   25.486897826194813     
   25.497813085994537     
   25.508703103098444     
   25.519567654713846     
   25.530406512800266     
   25.541219444677942     
   25.552006213639910     
   25.562766579565341     
   25.573500299534132     
   25.584207128441086     
   25.594886819608302     
   25.605539125395087     
   25.616163797803956     
   25.626760589081737     
   25.637329252314579     
   25.647869542015915     
   25.658381214706200     
   25.668864029483515     
   25.679317748583674     
   25.689742137929478     
   25.700136967667408     
   25.710502012691581     
   25.720837053153225     
   25.731141874955661     
   25.741416270233366     
   25.751660037814474     
   25.761872983666098     
   25.772054921321583     
   25.782205672289052     
   25.792325066440558     
   25.802412942381522     
   25.812469147799149     
   25.822493539790656     
   25.832485985169058     
   25.842446360747743     
   25.852374553602424     
   25.862270461310612     
   25.872133992167939     
   25.881965065381593     
   25.891763611240183     
   25.901529571260209     
   25.911262898308859     
   25.920963556703185     
   25.930631522285591     
   25.940266782475661     
   25.949869336298505     
   25.959439194389663     
   25.968976378976688     
   25.978480923838038     
   25.987952874238513     
   25.997392286843237     
   26.006799229608664     
   26.016173781652540     
   26.025516033102075     
   26.034826084921779     
   26.044104048720744     
   26.053350046540313     
   26.062564210622664     
   26.071746683160729     
   26.080897616030306     
   26.090017170505174     
   26.099105516955440     
   26.108162834530344     
   26.117189310826173     
   26.126185141539906     
   26.135150530109517     
   26.144085687341768     
   26.152990831028639     
   26.161866185552633     
   26.170711981482413     
   26.179528455159485     
   26.188315848276829     
   26.197074407450511     
   26.205804383784955     
   26.214506032433292     
   26.223179612153150     
   26.231825384859434     
   26.240443615174513     
   26.249034569977233     
   26.257598517951397     
   26.266135729134657     
   26.274646474469073     
   26.283131025353892     
   26.291589653201612     
   26.300022628998327     
   26.308430222869191     
   26.316812703649692     
   26.325170338463824     
   26.333503392310050     
   26.341812127655515     
   26.350096804039552     
   26.358357677687454     
   26.366595001134694     
   26.374809022862738     
   26.382999986947137     
   26.391168132718260     
   26.399313694435502     
   26.407436900975597     
   26.415537975535351     
   26.423617135349556     
   26.431674591424581     
   26.439710548287710     
   26.447725203753041     
   26.455718748704310     
   26.463691366894711     
   26.471643234763945     
   26.479574521273442     
   26.487485387758824     
   26.495375987800994     
   26.503246467115119     
   26.511096963457739     
   26.518927606552626     
   26.526738518034573     
   26.534529811411808     
   26.542301592046268     
   26.550053957152386     
   26.557786995813633     
   26.565500789016824     
   26.573195409704162     
   26.580870922842394     
   26.588527385509096     
   26.596164846995563     
   26.603783348926076     
   26.611382925392977     
   26.618963603107314     
   26.626525401564418     
   26.634068333224068     
   26.641592403704529     
   26.649097611990221     
   26.656583950652038     
   26.664051406080191     
   26.671499958728383     
   26.678929583369385     
   26.686340249360576     
   26.693731920919369     
   26.701104557407586     
   26.708458113623980     
   26.715792540104466     
   26.723107783428972     
   26.730403786534449     
   26.737680489033121     
   26.744937827535292     
   26.752175735976014     
   26.759394145944551     
   26.766592987016359     
   26.773772187086244     
   26.780931672702579     
   26.788071369401038     
   26.795191202037969     
   26.802291095121909     
   26.809370973142983     
   26.816430760899074     
   26.823470383818645     
   26.830489768278639     
   26.837488841917789     
   26.844467533943604     
   26.851425775433384     
   26.858363499627909     
   26.865280642217499     
   26.872177141619819     
   26.879052939248847     
   26.885907979774444     
   26.892742211372109     
   26.899555585962123     
   26.906348059438123     
   26.913119591884151     
   26.919870147780131     
   26.926599696195126     
   26.933308210968413     
   26.939995670877366     
   26.946662059792843     
   26.953307366820738     
   26.959931586430304     
   26.966534718568688     
   26.973116768761539     
   26.979677748199521     
   26.986217673810856     
   26.992736568319550     
   26.999234460289344     
   27.005711384153614     
   27.012167380230824     
   27.018602494726000     
   27.025016779718037     
   27.031410293133135     
   27.037783098704391     
   27.044135265917809     
   27.050466869944817     
   27.056777991561756     
   27.063068717056396     
   27.069339138121720     
   27.075589351737644     
   27.081819460040531     
   27.088029570181433     
   27.094219794172634     
   27.100390248723976     
   27.106541055068462     
   27.112672338777994     
   27.118784229569808     
   27.124876861103889     
   27.130950370771831     
   27.137004899478168     
   27.143040591413722     
   27.149057593822747     
   27.155056056763396     
   27.161036132862531     
   27.166997977065687     
   27.172941746382207     
   27.178867599626514     
   27.184775697156070     
   27.190666200606792     
   27.196539272625913     
   27.202395076603814     
   27.208233776404484     
   27.214055536096033     
   27.219860519681312     
   27.225648890829522     
   27.231420812609112     
   27.237176447223185     
   27.242915955746987     
   27.248639497869064     
   27.254347231636050     
   27.260039313201734     
   27.265715896581128     
   27.271377133409786     
   27.277023172709114     
   27.282654160658094     
   27.288270240371787     
   27.293871551687175     
   27.299458230956965     
   27.305030410851266     
   27.310588220168146     
   27.316131783652946     
   27.321661221827121     
   27.327176650826473     
   27.332678182249815     
   27.338165923017318     
   27.343639975239970     
   27.349100436099409     
   27.354547397738962     
   27.359980947165791     
   27.365401166164471     
   27.370808131221988     
   27.376201913464378     
   27.381582578605201     
   27.386950186905523     
   27.392304793146053     
   27.397646446610747     
   27.402975191082497     
   27.408291064850523     
   27.413594100729398     
   27.418884326089810     
   27.424161762900738     
   27.429426427783010     
   27.434678332074263     
   27.439917481904576     
   27.445143878283265     
   27.450357517196043     
   27.455558389712643     
   27.460746482104437     
   27.465921775971754     
   27.471084248380919     
   27.476233872010237     
   27.481370615304471     
   27.486494442638381     
   27.491605314487686     
   27.496703187607938     
   27.501788015220630     
   27.506859747205926     
   27.511918330301768     
   27.516963708309081     
   27.521995822302110     
   27.527014610844002     
   27.532020010206566     
   27.537011954594298     
   27.541990376371832     
   27.546955206294232     
   27.551906373740042     
   27.556843806946198     
   27.561767433244331     
   27.566677179298299     
   27.571572971341947     
   27.576454735417119     
   27.581322397610780     
   27.586175884291386     
   27.591015122343723     
   27.595840039401441     
   27.600650564077540     
   27.605446626191508     
   27.610228156993152     
   27.614995089382692     
   27.619747358126137     
   27.624484900066353     
   27.629207654328631     
   27.633915562520571     
   27.638608568926525     
   27.643286620694742     
   27.647949668018796     
   27.652597664311099     
   27.657230566369421     
   27.661848334535641     
   27.666450932846331     
   27.671038329175062     
   27.675610495366335     
   27.680167407360319     
   27.684709045309035     
   27.689235393682889     
   27.693746441368067     
   27.698242181754310     
   27.702722612812860     
   27.707187737164716     
   27.711637562139071     
   27.716072099821506     
   27.720491367092212     
   27.724895385654467     
   27.729284182052506     
   27.733657787679764     
   27.738016238776769     
   27.742359576419354     
   27.746687846496613     
   27.751001099679375     
   27.755299391378777     
   27.759582781695162     
   27.763851335357966     
   27.768105121655942     
   27.772344214358498     
   27.776568691628182     
   27.780778635924570     
   27.784974133899713     
   27.789155276285484     
   27.793322157773083     
   27.797474876884916     
   27.801613535839348     
   27.805738240408267     
   27.809849099768329     
   27.813946226345710     
   27.818029735654960     
   27.822099746132270     
   27.826156378963738     
   27.830199757908375     
   27.834230009117256     
   27.838247260948084     
   27.842251643776493     
   27.846243289803819     
   27.850222332862355     
   27.854188908217907     
   27.858143152370417     
   27.862085202853176     
   27.866015198030663     
   27.869933276895662     
   27.873839578866104     
   27.877734243582012     
   27.881617410702802     
   27.885489219705573     
   27.889349809684820     
   27.893199319153553     
   27.897037885846782     
   27.900865646527240     
   27.904682736794300     
   27.908489290895748     
   27.912285441543389     
   27.916071319732517     
   27.919847054565587     
   27.923612773080816     
   27.927368600085131     
   27.931114657993078     
   27.934851066670699     
   27.938577943285377     
   27.942295402162017     
   27.946003554645205     
   27.949702508968091     
   27.953392370128189     
   27.957073239770018     
   27.960745216074894     
   27.964408393658449     
   27.968062863475140     
   27.971708712730983     
   27.975346024803741     
   27.978974879171101     
   27.982595351347047     
   27.986207512826052     
   27.989811431035562     
   27.993407169296727     
   27.996994786793199     
   28.000574338548290     
   28.004145875410192     
   28.007709444045656     
   28.011265086941481     
   28.014812842414329     
   28.018352744628583     
   28.021884823621775     
   28.025409105338522     
   28.028925611671347     
   28.032434360509722     
   28.035935365796099     
   28.039428637589562     
   28.042914182136094     
   28.046392001946245     
   28.049862095879043     
   28.053324459232687     
   28.056779083841150     
   28.060225958177135     
   28.063665067460434     
   28.067096393772214     
   28.070519916173879     
   28.073935610831608     
   28.077343451144941     
   28.080743407880043     
   28.084135449306999     
   28.087519541340786     
   28.090895647685763     
   28.094263729983282     
   28.097623747962025     
   28.100975659590883     
   28.104319421234191     
   28.107654987808338     
   28.110982312940337     
   28.114301349127441     
   28.117612047897360     
   28.120914359969298     
   28.124208235415018     
   28.127493623819920     
   28.130770474443370     
   28.134038736378667     
   28.137298358711373     
   28.140549290676855     
   28.143791481815612     
   28.147024882126779     
   28.150249442219408     
   28.153465113461092     
   28.156671848123572     
   28.159869599525450     
   28.163058322171352     
   28.166237971887547     
   28.169408505953410     
   28.172569883229063     
   28.175722064278549     
   28.178865011488412     
   28.181998689181277     
   28.185123063725122     
   28.188238103636646     
   28.191343779679823     
   28.194440064958847     
   28.197526935005339     
   28.200604367860166     
   28.203672344149101     
   28.206730847152524     
   28.209779862869347     
   28.212819380074528     
   28.215849390370636     
   28.218869888232923     
   28.221880871048381     
   28.224882339148273     
   28.227874295834621     
   28.230856747399869     
   28.233829703141094     
   28.236793175366948     
   28.239747179399163     
   28.242691733567479     
   28.245626859198566     
   28.248552580598780     
   28.251468925031375     
   28.254375922687192     
   28.257273606650198     
   28.260162012857197     
   28.263041180051893     
   28.265911149733856     
   28.268771966102197     
   28.271623675994100     
   28.274466328818701     
   28.277299976486091     
   28.280124673331883     
   28.282940476037577     
   28.285747443546644     
   28.288545636976792     
   28.291335119528664     
   28.294115956390844     
   28.296888214641854     
   28.299651963148950     
   28.302407272464343     
   28.305154214718740     
   28.307892863512546     
   28.310623293805261     
   28.313345581802899     
   28.316059804843732     
   28.318766041282924     
   28.321464370376205     
   28.324154872162328     
   28.326837627345341     
   28.329512717176417     
   28.332180223335524     
   28.334840227813437     
   28.337492812793979     
   28.340138060537065     
   28.342776053262593     
   28.345406873035351     
   28.348030601651438     
   28.350647320525958     
   28.353257110583012     
   28.355860052147015     
   28.358456224836672     
   28.361045707461273     
   28.363628577919403     
   28.366204913100471     
   28.368774788789494     
   28.371338279574267     
   28.373895458756635     
   28.376446398266634     
   28.378991168580264     
   28.381529838641402     
   28.384062475786667     
   28.386589145675231     
   28.389109912221898     
   28.391624837534714     
   28.394133981856744     
   28.396637403512109     
   28.399135158856346     
   28.401627302231436     
   28.404113885925025     
   28.406594960134427     
   28.409070572935015     
   28.411540770253165     
   28.414005595844010     
   28.416465091273491     
   28.418919295905205     
   28.421368246891639     
   28.423811979170022     
   28.426250525462660     
   28.428683916281745     
   28.431112179938246     
   28.433535342555800     
   28.435953428087938     
   28.438366458340184     
   28.440774452996006     
   28.443177429646603     
   28.445575403824773     
   28.447968389042245     
   28.450356396831072     
   28.452739436788125     
   28.455117516623250     
   28.457490642210452     
   28.459858817642274     
   28.462222045287184     
   28.464580325849617     
   28.466933658432794     
   28.469282040603822     
   28.471625468461379     
   28.473963936705196     
   28.476297438707768     
   28.478625966587821     
   28.480949511285171     
   28.483268062637315     
   28.485581609457043     
   28.487890139611316     
   28.490193640100813     
   28.492492097140389     
   28.494785496239889     
   28.497073822285472     
   28.499357059621005     
   28.501635192129402     
   28.503908203313873     
   28.506176076378779     
   28.508438794309882     
   28.510696339953949     
   28.512948696097585     
   28.515195845544746     
   28.517437771193418     
   28.519674456110600     
   28.521905883606138     
   28.524132037304547     
   28.526352901215422     
   28.528568459801622     
   28.530778698045566     
   28.532983601513337     
   28.535183156416537     
   28.537377349671583     
   28.539566168956700     
   28.541749602766146     
   28.543927640461863     
   28.546100272322263     
   28.548267489588198     
   28.550429284505974     
   28.552585650367391     
   28.554736581546727     
   28.556882073534535     
   28.559022122968567     
   28.561156727661118     
   28.563285886623543     
   28.565409600087197     
   28.567527869521580     
   28.569640697648683     
   28.571748088454648     
   28.573850047197798     
   28.575946580413646     
   28.578037695916581     
   28.580123402798591     
   28.582203711424579     
   28.584278633424919     
   28.586348181684677     
   28.588412370330111     
   28.590471214712014     
   28.592524731386479     
   28.594572938092529     
   28.596615853727624     
   28.598653498319877     
   28.600685892998300     
   28.602713059960291     
   28.604735022437129     
   28.606751804656756     
   28.608763431805063     
   28.610769929984585     
   28.612771326171824     
   28.614767648172354     
   28.616758924574686     
   28.618745184702263     
   28.620726458564341     
   28.622702776805450     
   28.624674170653737     
   28.626640671868270     
   28.628602312685640     
   28.630559125765643     
   28.632511144136334     
   28.634458401138840     
   28.636400930371586     
   28.638338765634419     
   28.640271940872669     
   28.642200490121340     
   28.644124447449244     
   28.646043846903677     
   28.647958722455581     
   28.649869107945026     
   28.651775037027665     
   28.653676543121740     
   28.655573659356214     
   28.657466418519927     
   28.659354853011813     
   28.661238994792345     
   28.663118875336572     
   28.664994525588408     
   28.666865975916508     
   28.668733256071903     
   28.670596395147268     
   28.672455421537965     
   28.674310362905249     
   28.676161246141049     
   28.678008097335109     
   28.679850941743986     
   28.681689803762431     
   28.683524706896801     
   28.685355673740705     
   28.687182725953143     
   28.689005884238700     
   28.690825168330282     
   28.692640596974162     
   28.694452187917310     
   28.696259957897503     
   28.698063922635242     
   28.699864096828712     
   28.701660494150577     
   28.703453127247723     
   28.705242007742935     
   28.707027146239191     
   28.708808552326026     
   28.710586234588639     
   28.712360200618903     
   28.714130457028563     
   28.715897009464921     
   28.717659862628423     
   28.719419020292282     
   28.721174485324433     
   28.722926259710970     
   28.724674344581700     
   28.726418740237733     
   28.728159446180342     
   28.729896461141855     
   28.731629783117857     
   28.733359409401032     
   28.735085336616486     
   28.736807560758123     
   28.738526077226332     
   28.740240880866981     
   28.741951966011190     
   28.743659326516120     
   28.745362955806634     
   28.747062846917494     
   28.748758992536494     
   28.750451385047793     
   28.752140016575829     
   28.753824879029480     
   28.755505964146479     
   28.757183263537854     
   28.758856768732379     
   28.760526471221038     
   28.762192362500961     
   28.763854434119484     
   28.765512677717457     
   28.767167085072131     
   28.768817648139546     
   28.770464359096025     
   28.772107210378955     
   28.773746194726943     
   28.775381305218392     
   28.777012535309659     
   28.778639878871587     
   28.780263330225321     
   28.781882884176170     
   28.783498536046675     
   28.785110281707990     
   28.786718117609809     
   28.788322040808612     
   28.789922048994576     
   28.791518140516391     
   28.793110314404782     
   28.794698570393990     
   28.796282908941535     
   28.797863331245974     
   28.799439839263101     
   28.801012435719912     
   28.802581124126885     
   28.804145908787984     
   28.805706794809236     
   28.807263788104578     
   28.808816895400486     
   28.810366124238143     
   28.811911482973628     
   28.813452980776532     
   28.814990627626074     
   28.816524434305631     
   28.818054412395341     
   28.819580574262535     
   28.821102933050604     
   28.822621502665772     
   28.824136297762415     
   28.825647333726131     
   28.827154626655592     
   28.828658193342338     
   28.830158051249267     
   28.831654218487259     
   28.833146713790679     
   28.834635556490969     
   28.836120766489302     
   28.837602364227724     
   28.839080370659033     
   28.840554807215586     
   28.842025695776968     
   28.843493058636586     
   28.844956918467499     
   28.846417298287257     
   28.847874221421961     
   28.849327711469673     
   28.850777792263379     
   28.852224487832952     
   28.853667822367402     
   28.855107820175984     
   28.856544505649811     
   28.857977903222675     
   28.859408037332088     
   28.860834932380374     
   28.862258612695637     
   28.863679102493105     
   28.865096425836551     
   28.866510606600208     
   28.867921668431116     
   28.869329634711796     
   28.870734528523762     
   28.872136372611507     
   28.873535189347326     
   28.874931000697000     
   28.876323828186241     
   28.877713692868273     
   28.879100615292263     
   28.880484615473016     
   28.881865712861877     
   28.883243926318407     
   28.884619274084084     
   28.885991773756722     
   28.887361442266521     
   28.888728295853515     
   28.890092350046597     
   28.891453619643816     
   28.892812118694554     
   28.894167860483137     
   28.895520857513947     
   28.896871121498339     
   28.898218663343304     
   28.899563493141706     
   28.900905620164064     
   28.902245052852500     
   28.903581798816006     
   28.904915864827668     
   28.906247256823370     
   28.907575979902738     
   28.908902038331192     
   28.910225435544156     
   28.911546174152811     
   28.912864255951519     
   28.914179681926928     
   28.915492452268662     
   28.916802566381886     
   28.918110022900994     
   28.919414819705217     
   28.920716953935628     
   28.922016422013549     
   28.923313219660354     
   28.924607341918904     
   28.925898783175978     
   28.927187537186093     
   28.928473597096676     
   28.929756955474257     
   28.931037604331777     
   28.932315535156935     
   28.933590738941596     
   28.934863206212015     
   28.936132927059990     
   28.937399891174667     
   28.938664087875242     
   28.939925506144107     
   28.941184134660737     
   28.942439961835870     
   28.943692975846417     
   28.944943164670295     
   28.946190516121963     
   28.947435017887884     
   28.948676657562117     
   28.949915422682142     
   28.951151300764561     
   28.952384279340578     
   28.953614345991440     
   28.954841488383696     
   28.956065694304019     
   28.957286951693618     
   28.958505248682339     
   28.959720573622107     
   28.960932915119809     
   28.962142262069641     
   28.963348603684455     
   28.964551929526710     
   28.965752229538243     
   28.966949494069265     
   28.968143713906468     
   28.969334880300117     
   28.970522984989795     
   28.971708020229588     
   28.972889978811654     
   28.974068854088671     
   28.975244639995267     
   28.976417331067985     
   28.977586922463946     
   28.978753409978271     
   28.979916790060063     
   28.981077059826958     
   28.982234217078403     
   28.983388260307287     
   28.984539188710311     
   28.985687002196702     
   28.986831701395690     
   28.987973287662275     
   28.989111763081514     
   28.990247130471591     
   28.991379393385010     
   28.992508556108593     
   28.993634623661787     
   28.994757601793783     
   28.995877496978913     
   28.996994316410664     
   28.998108067994519     
   28.999218760339005     
   29.000326402745795     
   29.001431005198150     
   29.002532578348120     
   29.003631133502857     
   29.004726682608929     
   29.005819238236192     
   29.006908813560106     
   29.007995422342958     
   29.009079078914208     
   29.010159798149591     
   29.011237595449384     
   29.012312486715693     
   29.013384488328935     
   29.014453617123344     
   29.015519890362061     
   29.016583325710954     
   29.017643941212420     
   29.018701755258160     
   29.019756786561576     
   29.020809054129654     
   29.021858577234593     
   29.022905375384802     
   29.023949468295889     
   29.024990875861189     
   29.026029618122390     
   29.027065715239797     
   29.028099187462580     
   29.029130055099444     
   29.030158338488661     
   29.031184057968925     
   29.032207233850102     
   29.033227886384068     
   29.034246035736263     
   29.035261701957356     
   29.036274904955420     
   29.037285664468374     
   29.038294000037506     
   29.039299930980842     
   29.040303476367967     
   29.041304654994644     
   29.042303485358996     
   29.043299985637887     
   29.044294173664472     
   29.045286066906304     
   29.046275682444616     
   29.047263036954440     
   29.048248146685573     
   29.049231027444712     
   29.050211694578575     
   29.051190162958019     
   29.052166446963298     
   29.053140560470389     
   29.054112516838558     
   29.055082328898781     
   29.056050008943771     
   29.057015568718729     
   29.057979019413473     
   29.058940371655890     
   29.059899635506358     
   29.060856820453335     
   29.061811935410471     
   29.062764988714477     
   29.063715988124581     
   29.064664940822780     
   29.065611853415628     
   29.066556731936892     
   29.067499581851497     
   29.068440408060688     
   29.069379214907840     
   29.070316006186005     
   29.071250785146145     
   29.072183554506243     
   29.073114316461815     
   29.074043072697147     
   29.074969824397542     
   29.075894572262385     
   29.076817316519389     
   29.077738056939175     
   29.078656792851184     
   29.079573523159972     
   29.080488246362407     
   29.081400960565521     
   29.082311663504964     
   29.083220352563988     
   29.084127024793247     
   29.085031676930729     
   29.085934305422441     
   29.086834906443311     
   29.087733475918608     
   29.088630009545501     
   29.089524502815106     
   29.090416951034548     
   29.091307349349183     
   29.092195692765198     
   29.093081976172016     
   29.093966194364810     
   29.094848342067039     
   29.095728413952806     
   29.096606404669288     
   29.097482308858730     
   29.098356121180544     
   29.099227836332823     
   29.100097449073864     
   29.100964954243111     
   29.101830346781906     
   29.102693621753613     
   29.103554774363527     
   29.104413799978023     
   29.105270694143385     
   29.106125452603919     
   29.106978071319585     
   29.107828546482832     
   29.108676874534975     
   29.109523052181586     
   29.110367076407559     
   29.111208944490990     
   29.112048654016625     
   29.112886202888347     
   29.113721589340894     
   29.114554811950800     
   29.115385869646275     
   29.116214761716641     
   29.117041487820359     
   29.117866047992685     
   29.118688442652083     
   29.119508672605878     
   29.120326739055002     
   29.121142643597988     
   29.121956388233603     
   29.122767975363200     
   29.123577407791728     
   29.124384688727872     
   29.125189821783739     
   29.125992810973049     
   29.126793660709030     
   29.127592375800976     
   29.128388961450518     
   29.129183423246449     
   29.129975767159319     
   29.130765999534887     
   29.131554127087039     
   29.132340156889775     
   29.133124096368679     
   29.133905953291507     
   29.134685735758357     
   29.135463452190987     
   29.136239111321665     
   29.137012722181410     
   29.137784294087638     
   29.138553836631434     
   29.139321359664301     
   29.140086873284382     
   29.140850387822319     
   29.141611913826818     
   29.142371462049880     
   29.143129043431486     
   29.143884669084517     
   29.144638350278889     
   29.145390098425853     
   29.146139925062069     
   29.146887841833504     
   29.147633860479260     
   29.148377992815607     
   29.149120250719442     
   29.149860646112476     
   29.150599190944909     
   29.151335897179589     
   29.152070776776110     
   29.152803841675098     
   29.153535103782787     
   29.154264574955867     
   29.154992266986319     
   29.155718191586931     
   29.156442360376850     
   29.157164784867675     
   29.157885476449881     
   29.158604446379503     
   29.159321705765670     
   29.160037265558085     
   29.160751136535392     
   29.161463329293774     
   29.162173854236393     
   29.162882721563083     
   29.163589941260724     
   29.164295523094271     
   29.164999476598283     
   29.165701811069123     
   29.166402535557701     
   29.167101658862958     
   29.167799189525955     
   29.168495135824575     
   29.169189505769008     
   29.169882307097609     
   29.170573547273850     
   29.171263233483511     
   29.171951372632865     
   29.172637971347342     
   29.173323035970846     
   29.174006572565961     
   29.174688586914410     
   29.175369084518550     
   29.176048070603265     
   29.176725550118555     
   29.177401527742713     
   29.178076007886180     
   29.178748994695784     
   29.179420492059890     
   29.180090503613613     
   29.180759032745211     
   29.181426082602240     
   29.182091656098923     
   29.182755755923417     
   29.183418384545931     
   29.184079544227050     
   29.184739237026548     
   29.185397464812539     
   29.186054229271129     
   29.186709531916129     
   29.187363374099295     
   29.188015757020803     
   29.188666681739935     
   29.189316149185956     
   29.189964160169335     
   29.190610715392957     
   29.191255815463453     
   29.191899460903002     
   29.192541652160692     
   29.193182389624361     
   29.193821673632197     
   29.194459504484445     
   29.195095882455160     
   29.195730807803749     
   29.196364280786419     
   29.196996301667781     
   29.197626870731963     
   29.198255988293781     
   29.198883654709611     
   29.199509870388194     
   29.200134635800996     
   29.200757951492484     
   29.201379818089904     
   29.202000236313122     
   29.202619206983780     
   29.203236731034128     
   29.203852809515826     
   29.204467443607879     
   29.205080634624657     
   29.205692384023067     
   29.206302693409583     
   29.206911564546719     
   29.207518999358971     
   29.208124999938555     
   29.208729568550247     
   29.209332707636143     
   29.209934419819621     
   29.210534707909041     
   29.211133574900632     
   29.211731023981208     
   29.212327058530118     
   29.212921682120747     
   29.213514898521506     
   29.214106711696331     
   29.214697125804552     
   29.215286145200448     
   29.215873774432040     
   29.216460018239516     
   29.217044881553228     
   29.217628369491020     
   29.218210487355130     
   29.218791240628800     
   29.219370634972041     
   29.219948676217413     
   29.220525370364893     
   29.221100723576765     
   29.221674742171704     
   29.222247432618722     
   29.222818801530671     
   29.223388855657340     
   29.223957601878212     
   29.224525047194966     
   29.225091198723611     
   29.225656063686355     
   29.226219649403106     
   29.226781963283052     
   29.227343012815517     
   29.227902805561044     
   29.228461349142119     
   29.229018651233766     
   29.229574719553902     
   29.230129561853889     
   29.230683185908529     
   29.231235599506434     
   29.231786810440155     
   29.232336826496198     
   29.232885655445298     
   29.233433305032460     
   29.233979782967268     
   29.234525096914030     
   29.235069254482376     
   29.235612263217483     
   29.236154130590897     
   29.236694863991282     
   29.237234470715407     
   29.237772957959198     
   29.238310332809345     
   29.238846602234720     
   29.239381773078485     
   29.239915852050121     
   29.240448845717843     
   29.240980760501586     
   29.241511602665849     
   29.242041378313392     
   29.242570093378848     
   29.243097753622941     
   29.243624364627049     
   29.244149931788087     
   29.244674460313895     
   29.245197955219041     
   29.245720421320829     
   29.246241863235980     
   29.246762285377709     
   29.247281691953091     
   29.247800086961067     
   29.248317474190713     
   29.248833857220060     
   29.249349239415473     
   29.249863623931169     
   29.250377013709539     
   29.250889411481548     
   29.251400819768016     
   29.251911240881064     
   29.252420676925880     
   29.252929129803285     
   29.253436601212353     
   29.253943092653788     
   29.254448605433414     
   29.254953140666203     
   29.255456699280813     
   29.255959282024168     
   29.256460889466755     
   29.256961522008183     
   29.257461179882828     
   29.257959863166207     
   29.258457571781424     
   29.258954305505874     
   29.259450063978424     
   29.259944846706766     
   29.260438653074786     
   29.260931482350681     
   29.261423333694829     
   29.261914206167980     
   29.262404098739726     
   29.262893010297091     
   29.263380939653146     
   29.263867885555818     
   29.264353846696824     
   29.264838821720879     
   29.265322809234199     
   29.265805807814168     
   29.266287816018139     
   29.266768832392586     
   29.267248855482219     
   29.267727883838923     
   29.268205916030929     
   29.268682950651524     
   29.269158986327916     
   29.269634021729974     
   29.270108055578685     
   29.270581086654580     
   29.271053113805959     
   29.271524135956877     
   29.271994152114981     
   29.272463161379157     
   29.272931162946794     
   29.273398156120951     
   29.273864140317137     
   29.274329115069900     
   29.274793080039107     
   29.275256035015772     
   29.275717979927840     
   29.276178914845328     
   29.276638839985342     
   29.277097755716724     
   29.277555662564200     
   29.278012561212282     
   29.278468452508804     
   29.278923337467933     
   29.279377217273062     
   29.279830093278910     
   29.280281967013696     
   29.280732840180512     
   29.281182714658549     
   29.281631592503814     
   29.282079475949462     
   29.282526367405737     
   29.282972269459471     
   29.283417184873326     
   29.283861116584443     
   29.284304067702831     
   29.284746041509347     
   29.285187041453291     
   29.285627071149655     
   29.286066134375890     
   29.286504235068499     
   29.286941377319163     
   29.287377565370516     
   29.287812803611722     
   29.288247096573475     
   29.288680448923046     
   29.289112865458755     
   29.289544351104226     
   29.289974910902391     
   29.290404550009448     
   29.290833273688097     
   29.291261087301010     
   29.291687996303871     
   29.292114006238180     
   29.292539122724186     
   29.292963351453132     
   29.293386698179912     
   29.293809168715129     
   29.294230768917419     
   29.294651504685408     
   29.295071381949644     
   29.295490406664694     
   29.295908584800788     
   29.296325922335818     
   29.296742425247075     
   29.297158099503164     
   29.297572951055809     
   29.297986985831741     
   29.298400209724797     
   29.298812628587715     
   29.299224248224455     
   29.299635074382387     
   29.300045112744616     
   29.300454368922487     
   29.300862848448226     
   29.301270556767776     
   29.301677499233811     
   29.302083681098907     
   29.302489107508965     
   29.302893783496760     
   29.303297713975990     
   29.303700903735209     
   29.304103357432222     
   29.304505079588878     
   29.304906074585798     
   29.305306346657709     
   29.305705899888888     
   29.306104738208965     
   29.306502865389120     
   29.306900285038395     
   29.307297000600673     
   29.307693015351504     
   29.308088332395705     
   29.308482954665209     
   29.308876884916916     
   29.309270125731402     
   29.309662679511611     
   29.310054548481997     
   29.310445734688024     
   29.310836239996075     
   29.311226066093521     
   29.311615214489347     
   29.312003686514988     
   29.312391483325552     
   29.312778605901293     
   29.313165055049559     
   29.313550831406893     
   29.313935935441695     
   29.314320367456784     
   29.314704127592734     
   29.315087215831142     
   29.315469631998436     
   29.315851375769736     
   29.316232446673137     
   29.316612844094205     
   29.316992567280685     
   29.317371615347536     
   29.317749987281992     
   29.318127681949093     
   29.318504698097332     
   29.318881034364281     
   29.319256689282543     
   29.319631661286170     
   29.320005948716556     
   29.320379549829145     
   29.320752462799721     
   29.321124685731188     
   29.321496216660275     
   29.321867053564194     
   29.322237194367712     
   29.322606636949814     
   29.322975379150925     
   29.323343418779555     
   29.323710753619512     
   29.324077381436730     
   29.324443299986161     
   29.324808507018844     
   29.325173000288487     
   29.325536777558508     
   29.325899836608503     
   29.326262175240910     
   29.326623791287631     
   29.326984682616260     
   29.327344847136324     
   29.327704282805531     
   29.328062987635587     
   29.328420959697983     
   29.328778197129743     
   29.329134698138702     
   29.329490461008756     
   29.329845484105029     
   29.330199765878433     
   29.330553304870545     
   29.330906099717701     
   29.331258149155293     
   29.331609452021546     
   29.331960007261262     
   29.332309813929012     
   29.332658871192457     
   29.333007178334967     
   29.333354734758409     
   29.333701539985324     
   29.334047593660951     
   29.334392895555048     
   29.334737445563277     
   29.335081243708515     
   29.335424290141599     
   29.335766585142139     
   29.336108129118752     
   29.336448922609133     
   29.336788966279929     
   29.337128260926246     
   29.337466807470822     
   29.337804606963211     
   29.338141660578252     
   29.338477969614825     
   29.338813535493834     
   29.339148359756390     
   29.339482444061311     
   29.339815790182968     
   29.340148400008221     
   29.340480275533725     
   29.340811418862621     
   29.341141832201355     
   29.341471517855979     
   29.341800478228556     
   29.342128715813224     
   29.342456233192081     
   29.342783033031075     
   29.343109118075642     
   29.343434491146038     
   29.343759155132982     
   29.344083112992795     
   29.344406367742593     
   29.344728922455364     
   29.345050780255026     
   29.345371944311307     
   29.345692417834751     
   29.346012204071418     
   29.346331306297685     
   29.346649727815290     
   29.346967471945813     
   29.347284542025612     
   29.347600941400572     
   29.347916673421022     
   29.348231741436400     
   29.348546148790387     
   29.348859898815689     
   29.349172994829114     
   29.349485440126752     
   29.349797237979043     
   29.350108391626176     
   29.350418904273390     
   29.350728779086559     
   29.351038019187783     
   29.351346627651193     
   29.351654607498780     
   29.351961961696563     
   29.352268693150730     
   29.352574804704005     
   29.352880299132220     
   29.353185179141114     
   29.353489447363025     
   29.353793106354239     
   29.354096158591975     
   29.354398606472191     
   29.354700452306975     
   29.355001698322621     
   29.355302346657520     
   29.355602399360681     
   29.355901858390013     
   29.356200725611171     
   29.356499002796479     
   29.356796691623952     
   29.357093793676857     
   29.357390310443051     
   29.357686243314873     
   29.357981593589205     
   29.358276362467493     
   29.358570551056328     
   29.358864160367936     
   29.359157191321053     
   29.359449644741879     
   29.359741521365365     
   29.360032821836519     
   29.360323546712021     
   29.360613696462014     
   29.360903271471997     
   29.361192272044931     
   29.361480698403490     
   29.361768550692506     
   29.362055828981557     
   29.362342533267604     
   29.362628663477967     
   29.362914219473200     
   29.363199201050119     
   29.363483607945277     
   29.363767439838018     
   29.364050696353935     
   29.364333377068515     
   29.364615481510555     
   29.364897009165901     
   29.365177959481066     
   29.365458331867135     
   29.365738125703412     
   29.366017340341468     
   29.366295975108766     
   29.366574029312694     
   29.366851502244483     
   29.367128393183048     
   29.367404701398829     
   29.367680426157754     
   29.367955566725069     
   29.368230122369081     
   29.368504092365033     
   29.368777475998670     
   29.369050272570036     
   29.369322481397013     
   29.369594101818841     
   29.369865133199529     
   29.370135574931222     
   29.370405426437511     
   29.370674687176535     
   29.370943356643934     
   29.371211434375940     
   29.371478919952114     
   29.371745812998025     
   29.372012113187818     
   29.372277820246612     
   29.372542933952772     
   29.372807454140201     
   29.373071380700093     
   29.373334713582910     
   29.373597452800045     
   29.373859598425394     
   29.374121150596654     
   29.374382109516596     
   29.374642475454138     
   29.374902248745169     
   29.375161429793284     
   29.375420019070450     
   29.375678017117252     
   29.375935424543297     
   29.376192242027116     
   29.376448470316312     
   29.376704110227021     
   29.376959162643779     
   29.377213628518813     
   29.377467508871351     
   29.377720804786865     
   29.377973517415906     
   29.378225647973064     
   29.378477197735620     
   29.378728168042183     
   29.378978560291099     
   29.379228375938734     
   29.379477616497702     
   29.379726283534922     
   29.379974378669733     
   29.380221903571396     
   29.380468859957293     
   29.380715249590313     
   29.380961074276449     
   29.381206335862423     
   29.381451036233024     
   29.381695177308401     
   29.381938761041582     
   29.382181789415352     
   29.382424264439805     
   29.382666188149262     
   29.382907562599449     
   29.383148389864633     
   29.383388672034577     
   29.383628411211713     
   29.383867609508062     
   29.384106269042370     
   29.384344391937187     
   29.384581980315811     
   29.384819036299476     
   29.385055562004474     
   29.385291559539176     
   29.385527031001427     
   29.385761978475639     
   29.385996404030049     
   29.386230309714300     
   29.386463697556533     
   29.386696569561128     
   29.386928927706201     
   29.387160773941208     
   29.387392110184635     
   29.387622938321989     
   29.387853260203538     
   29.388083077642470     
   29.388312392412910     
   29.388541206248181     
   29.388769520839222     
   29.388997337832979     
   29.389224658830919     
   29.389451485387905     
   29.389677819010846     
   29.389903661157707     
   29.390129013236610     
   29.390353876605001     
   29.390578252568996     
   29.390802142382771     
   29.391025547248333     
   29.391248468314984     
   29.391470906679427     
   29.391692863385540     
   29.391914339424666     
   29.392135335735759     
   29.392355853205807     
   29.392575892670159     
   29.392795454913482     
   29.393014540670176     
   29.393233150625395     
   29.393451285416106     
   29.393668945631944     
   29.393886131816785     
   29.394102844469575     
   29.394319084046259     
   29.394534850961005     
   29.394750145587839     
   29.394964968262521     
   29.395179319284157     
   29.395393198917230     
   29.395606607393511     
   29.395819544914040     
   29.396032011651329     
   29.396244007751534     
   29.396455533336560     
   29.396666588506509     
   29.396877173341903     
   29.397087287906110     
   29.397296932247670     
   29.397506106402911     
   29.397714810398217     
   29.397923044252590     
   29.398130807980195     
   29.398338101592838     
   29.398544925102392     
   29.398751278523431     
   29.398957161875572     
   29.399162575186150     
   29.399367518492443     
   29.399571991844230     
   29.399775995306211     
   29.399979528960291     
   29.400182592907974     
   29.400385187272398     
   29.400587312200972     
   29.400788967867069     
   29.400990154472428     
   29.401190872249067     
   29.401391121461177     
   29.401590902407190     
   29.401790215421311     
   29.401989060875430     
   29.402187439180580     
   29.402385350788727     
   29.402582796193851     
   29.402779775933560     
   29.402976290590288     
   29.403172340792260     
   29.403367927214738     
   29.403563050580786     
   29.403757711662184     
   29.403951911280068     
   29.404145650305551     
   29.404338929660213     
   29.404531750316437     
   29.404724113297661     
   29.404916019678573     
   29.405107470585023     
   29.405298467194079     
   29.405489010733643     
   29.405679102482349     
   29.405868743768941     
   29.406057935971742     
   29.406246680518212     
   29.406434978884018     
   29.406622832592095     
   29.406810243211972     
   29.406997212358302     
   29.407183741690126     
   29.407369832909229     
   29.407555487759144     
   29.407740708023383     
   29.407925495524132     
   29.408109852120539     
   29.408293779707058     
   29.408477280211681     
   29.408660355594098     
   29.408843007843803     
   29.409025238978149     
   29.409207051040269     
   29.409388446097090     
   29.409569426237120     
   29.409749993568390     
   29.409930150216063     
   29.410109898320435     
   29.410289240034533     
   29.410468177521789     
   29.410646712953824     
   29.410824848508021     
   29.411002586365246     
   29.411179928707657     
   29.411356877715971     
   29.411533435567591     
   29.411709604433977     
   29.411885386478421     
   29.412060783853807     
   29.412235798700333     
   29.412410433143247     
   29.412584689290643     
   29.412758569231443     
   29.412932075033051     
   29.413105208739548     
   29.413277972369446     
   29.413450367913967     
   29.413622397334876     
   29.413794062562953     
   29.413965365495997     
   29.414136307997264     
