   0.0000000000000000        0.0000000000000000     
   2.0000000000000000E-002   0.0000000000000000     
   4.0000000000000001E-002   0.0000000000000000     
   5.9999999999999998E-002   0.0000000000000000     
   8.0000000000000002E-002   0.0000000000000000     
  0.10000000000000001        0.0000000000000000     
  0.12000000000000000        0.0000000000000000     
  0.14000000000000001        0.0000000000000000     
  0.16000000000000000        0.0000000000000000     
  0.17999999999999999        0.0000000000000000     
  0.20000000000000001        0.0000000000000000     
  0.22000000000000000        0.0000000000000000     
  0.23999999999999999        0.0000000000000000     
  0.26000000000000001        0.0000000000000000     
  0.28000000000000003        0.0000000000000000     
  0.29999999999999999        0.0000000000000000     
  0.32000000000000001        0.0000000000000000     
  0.34000000000000002        0.0000000000000000     
  0.35999999999999999        0.0000000000000000     
  0.38000000000000000        0.0000000000000000     
  0.40000000000000002        0.0000000000000000     
  0.41999999999999998        0.0000000000000000     
  0.44000000000000000        0.0000000000000000     
  0.46000000000000002        0.0000000000000000     
  0.47999999999999998        0.0000000000000000     
  0.50000000000000000        0.0000000000000000     
  0.52000000000000002        0.0000000000000000     
  0.54000000000000004        0.0000000000000000     
  0.56000000000000005        0.0000000000000000     
  0.57999999999999996        0.0000000000000000     
  0.59999999999999998        0.0000000000000000     
  0.62000000000000000        0.0000000000000000     
  0.64000000000000001        0.0000000000000000     
  0.66000000000000003        0.0000000000000000     
  0.68000000000000005        0.0000000000000000     
  0.70000000000000007        0.0000000000000000     
  0.71999999999999997        0.0000000000000000     
  0.73999999999999999        0.0000000000000000     
  0.76000000000000001        0.0000000000000000     
  0.78000000000000003        0.0000000000000000     
  0.80000000000000004        0.0000000000000000     
  0.82000000000000006        0.0000000000000000     
  0.83999999999999997        0.0000000000000000     
  0.85999999999999999        0.0000000000000000     
  0.88000000000000000        0.0000000000000000     
  0.90000000000000002        0.0000000000000000     
  0.92000000000000004        0.0000000000000000     
  0.94000000000000006        0.0000000000000000     
  0.95999999999999996        0.0000000000000000     
  0.97999999999999998        0.0000000000000000     
   1.0000000000000000        0.0000000000000000     
   1.0200000000000000        0.0000000000000000     
   1.0400000000000000        0.0000000000000000     
   1.0600000000000001        0.0000000000000000     
   1.0800000000000001        0.0000000000000000     
   1.1000000000000001        0.0000000000000000     
   1.1200000000000001        0.0000000000000000     
   1.1400000000000001        0.0000000000000000     
   1.1599999999999999        0.0000000000000000     
   1.1799999999999999        0.0000000000000000     
   1.2000000000000000        0.0000000000000000     
   1.2200000000000000        0.0000000000000000     
   1.2400000000000000        0.0000000000000000     
   1.2600000000000000        0.0000000000000000     
   1.2800000000000000        0.0000000000000000     
   1.3000000000000000        0.0000000000000000     
   1.3200000000000001        0.0000000000000000     
   1.3400000000000001        0.0000000000000000     
   1.3600000000000001        0.0000000000000000     
   1.3800000000000001        0.0000000000000000     
   1.4000000000000001        0.0000000000000000     
   1.4199999999999999        0.0000000000000000     
   1.4399999999999999        0.0000000000000000     
   1.4600000000000000        0.0000000000000000     
   1.4800000000000000        0.0000000000000000     
   1.5000000000000000        0.0000000000000000     
   1.5200000000000000        0.0000000000000000     
   1.5400000000000000        0.0000000000000000     
   1.5600000000000001        0.0000000000000000     
   1.5800000000000001        0.0000000000000000     
   1.6000000000000001        0.0000000000000000     
   1.6200000000000001        0.0000000000000000     
   1.6400000000000001        0.0000000000000000     
   1.6600000000000001        0.0000000000000000     
   1.6799999999999999        0.0000000000000000     
   1.7000000000000000        0.0000000000000000     
   1.7200000000000000        0.0000000000000000     
   1.7400000000000000        0.0000000000000000     
   1.7600000000000000        0.0000000000000000     
   1.7800000000000000        0.0000000000000000     
   1.8000000000000000        0.0000000000000000     
   1.8200000000000001        0.0000000000000000     
   1.8400000000000001        0.0000000000000000     
   1.8600000000000001        0.0000000000000000     
   1.8800000000000001        0.0000000000000000     
   1.9000000000000001        0.0000000000000000     
   1.9199999999999999        0.0000000000000000     
   1.9399999999999999        0.0000000000000000     
   1.9600000000000000        0.0000000000000000     
   1.9800000000000000        0.0000000000000000     
   2.0000000000000000        0.0000000000000000     
   2.0200000000000000        0.0000000000000000     
   2.0400000000000000        0.0000000000000000     
   2.0600000000000001        0.0000000000000000     
   2.0800000000000001        0.0000000000000000     
   2.1000000000000001        0.0000000000000000     
   2.1200000000000001        0.0000000000000000     
   2.1400000000000001        0.0000000000000000     
   2.1600000000000001        0.0000000000000000     
   2.1800000000000002        0.0000000000000000     
   2.2000000000000002        0.0000000000000000     
   2.2200000000000002        0.0000000000000000     
   2.2400000000000002        0.0000000000000000     
   2.2600000000000002        0.0000000000000000     
   2.2800000000000002        0.0000000000000000     
   2.3000000000000003        0.0000000000000000     
   2.3199999999999998        0.0000000000000000     
   2.3399999999999999        0.0000000000000000     
   2.3599999999999999        0.0000000000000000     
   2.3799999999999999        0.0000000000000000     
   2.3999999999999999        0.0000000000000000     
   2.4199999999999999        0.0000000000000000     
   2.4399999999999999        0.0000000000000000     
   2.4600000000000000        0.0000000000000000     
   2.4800000000000000        0.0000000000000000     
   2.5000000000000000        0.0000000000000000     
   2.5200000000000000        0.0000000000000000     
   2.5400000000000000        0.0000000000000000     
   2.5600000000000001        0.0000000000000000     
   2.5800000000000001        0.0000000000000000     
   2.6000000000000001        0.0000000000000000     
   2.6200000000000001        0.0000000000000000     
   2.6400000000000001        0.0000000000000000     
   2.6600000000000001        0.0000000000000000     
   2.6800000000000002        0.0000000000000000     
   2.7000000000000002        0.0000000000000000     
   2.7200000000000002        0.0000000000000000     
   2.7400000000000002        0.0000000000000000     
   2.7600000000000002        0.0000000000000000     
   2.7800000000000002        0.0000000000000000     
   2.8000000000000003        0.0000000000000000     
   2.8199999999999998        0.0000000000000000     
   2.8399999999999999        0.0000000000000000     
   2.8599999999999999        0.0000000000000000     
   2.8799999999999999        0.0000000000000000     
   2.8999999999999999        0.0000000000000000     
   2.9199999999999999        0.0000000000000000     
   2.9399999999999999        0.0000000000000000     
   2.9600000000000000        0.0000000000000000     
   2.9800000000000000        0.0000000000000000     
   3.0000000000000000        0.0000000000000000     
   3.0200000000000000        0.0000000000000000     
   3.0400000000000000        0.0000000000000000     
   3.0600000000000001        0.0000000000000000     
   3.0800000000000001        0.0000000000000000     
   3.1000000000000001        0.0000000000000000     
   3.1200000000000001        0.0000000000000000     
   3.1400000000000001        0.0000000000000000     
   3.1600000000000001        0.0000000000000000     
   3.1800000000000002        0.0000000000000000     
   3.2000000000000002        0.0000000000000000     
   3.2200000000000002        0.0000000000000000     
   3.2400000000000002        0.0000000000000000     
   3.2600000000000002        0.0000000000000000     
   3.2800000000000002        0.0000000000000000     
   3.3000000000000003        0.0000000000000000     
   3.3200000000000003        0.0000000000000000     
   3.3399999999999999        0.0000000000000000     
   3.3599999999999999        0.0000000000000000     
   3.3799999999999999        0.0000000000000000     
   3.3999999999999999        0.0000000000000000     
   3.4199999999999999        0.0000000000000000     
   3.4399999999999999        0.0000000000000000     
   3.4600000000000000        0.0000000000000000     
   3.4800000000000000        0.0000000000000000     
   3.5000000000000000        0.0000000000000000     
   3.5200000000000000        0.0000000000000000     
   3.5400000000000000        0.0000000000000000     
   3.5600000000000001        0.0000000000000000     
   3.5800000000000001        0.0000000000000000     
   3.6000000000000001        0.0000000000000000     
   3.6200000000000001        0.0000000000000000     
   3.6400000000000001        0.0000000000000000     
   3.6600000000000001        0.0000000000000000     
   3.6800000000000002        0.0000000000000000     
   3.7000000000000002        0.0000000000000000     
   3.7200000000000002        0.0000000000000000     
   3.7400000000000002        0.0000000000000000     
   3.7600000000000002        0.0000000000000000     
   3.7800000000000002        0.0000000000000000     
   3.8000000000000003        0.0000000000000000     
   3.8200000000000003        0.0000000000000000     
   3.8399999999999999        0.0000000000000000     
   3.8599999999999999        0.0000000000000000     
   3.8799999999999999        0.0000000000000000     
   3.8999999999999999        0.0000000000000000     
   3.9199999999999999        0.0000000000000000     
   3.9399999999999999        0.0000000000000000     
   3.9600000000000000        0.0000000000000000     
   3.9800000000000000        0.0000000000000000     
   4.0000000000000000        0.0000000000000000     
   4.0200000000000005        0.0000000000000000     
   4.0400000000000000        0.0000000000000000     
   4.0600000000000005        0.0000000000000000     
   4.0800000000000001        0.0000000000000000     
   4.0999999999999996        0.0000000000000000     
   4.1200000000000001        0.0000000000000000     
   4.1399999999999997        0.0000000000000000     
   4.1600000000000001        0.0000000000000000     
   4.1799999999999997        0.0000000000000000     
   4.2000000000000002        0.0000000000000000     
   4.2199999999999998        0.0000000000000000     
   4.2400000000000002        0.0000000000000000     
   4.2599999999999998        0.0000000000000000     
   4.2800000000000002        0.0000000000000000     
   4.2999999999999998        0.0000000000000000     
   4.3200000000000003        0.0000000000000000     
   4.3399999999999999        0.0000000000000000     
   4.3600000000000003        0.0000000000000000     
   4.3799999999999999        0.0000000000000000     
   4.4000000000000004        0.0000000000000000     
   4.4199999999999999        0.0000000000000000     
   4.4400000000000004        0.0000000000000000     
   4.4600000000000000        0.0000000000000000     
   4.4800000000000004        0.0000000000000000     
   4.5000000000000000        0.0000000000000000     
   4.5200000000000005        0.0000000000000000     
   4.5400000000000000        0.0000000000000000     
   4.5600000000000005        0.0000000000000000     
   4.5800000000000001        0.0000000000000000     
   4.6000000000000005        0.0000000000000000     
   4.6200000000000001        0.0000000000000000     
   4.6399999999999997        0.0000000000000000     
   4.6600000000000001        0.0000000000000000     
   4.6799999999999997        0.0000000000000000     
   4.7000000000000002        0.0000000000000000     
   4.7199999999999998        0.0000000000000000     
   4.7400000000000002        0.0000000000000000     
   4.7599999999999998        0.0000000000000000     
   4.7800000000000002        0.0000000000000000     
   4.7999999999999998        0.0000000000000000     
   4.8200000000000003        0.0000000000000000     
   4.8399999999999999        0.0000000000000000     
   4.8600000000000003        0.0000000000000000     
   4.8799999999999999        0.0000000000000000     
   4.9000000000000004        0.0000000000000000     
   4.9199999999999999        0.0000000000000000     
   4.9400000000000004        0.0000000000000000     
   4.9600000000000000        0.0000000000000000     
   4.9800000000000004        0.0000000000000000     
   5.0000000000000000        0.0000000000000000     
   5.0200000000000005        0.0000000000000000     
   5.0400000000000000        0.0000000000000000     
   5.0600000000000005        0.0000000000000000     
   5.0800000000000001        0.0000000000000000     
   5.1000000000000005        0.0000000000000000     
   5.1200000000000001        0.0000000000000000     
   5.1399999999999997        0.0000000000000000     
   5.1600000000000001        0.0000000000000000     
   5.1799999999999997        0.0000000000000000     
   5.2000000000000002        0.0000000000000000     
   5.2199999999999998        0.0000000000000000     
   5.2400000000000002        0.0000000000000000     
   5.2599999999999998        0.0000000000000000     
   5.2800000000000002        0.0000000000000000     
   5.2999999999999998        0.0000000000000000     
   5.3200000000000003        0.0000000000000000     
   5.3399999999999999        0.0000000000000000     
   5.3600000000000003        0.0000000000000000     
   5.3799999999999999        0.0000000000000000     
   5.4000000000000004        0.0000000000000000     
   5.4199999999999999        0.0000000000000000     
   5.4400000000000004        0.0000000000000000     
   5.4600000000000000        0.0000000000000000     
   5.4800000000000004        0.0000000000000000     
   5.5000000000000000        0.0000000000000000     
   5.5200000000000005        0.0000000000000000     
   5.5400000000000000        0.0000000000000000     
   5.5600000000000005        0.0000000000000000     
   5.5800000000000001        0.0000000000000000     
   5.6000000000000005        0.0000000000000000     
   5.6200000000000001        0.0000000000000000     
   5.6399999999999997        0.0000000000000000     
   5.6600000000000001        0.0000000000000000     
   5.6799999999999997        0.0000000000000000     
   5.7000000000000002        0.0000000000000000     
   5.7199999999999998        0.0000000000000000     
   5.7400000000000002        0.0000000000000000     
   5.7599999999999998        0.0000000000000000     
   5.7800000000000002        0.0000000000000000     
   5.7999999999999998        0.0000000000000000     
   5.8200000000000003        0.0000000000000000     
   5.8399999999999999        0.0000000000000000     
   5.8600000000000003        0.0000000000000000     
   5.8799999999999999        0.0000000000000000     
   5.9000000000000004        0.0000000000000000     
   5.9199999999999999        0.0000000000000000     
   5.9400000000000004        0.0000000000000000     
   5.9600000000000000        0.0000000000000000     
   5.9800000000000004        0.0000000000000000     
   6.0000000000000000        0.0000000000000000     
