  -1.0000000000000000     
 -0.99987262190933324     
 -0.99949516703259200     
 -0.99887945058657235     
 -0.99804332784591243     
 -0.99701012515943155     
 -0.99580793542534263     
 -0.99446879919411912     
 -0.99302779528360241     
 -0.99152206680527488     
 -0.98998980977181705     
 -0.98846925196404001     
 -0.98699764948178759     
 -0.98561032741119647     
 -0.98433978935237709     
 -0.98321491822784779     
 -0.98226028790955766     
 -0.98149560185109919     
 -0.98093527119227053     
 -0.98058814082373624     
 -0.98045736777278580     
 -0.98054045211120888     
 -0.98082941650551714     
 -0.98131112663606301     
 -0.98196774110564422     
 -0.98277727623083277     
 -0.98371426833944431     
 -0.98475051395047553     
 -0.98585586653838941     
 -0.98699906751546485     
 -0.98814858862076949     
 -0.98927346308177699     
 -0.99034408369753613     
 -0.99133294734729582     
 -0.99221532730735806     
 -0.99296985709999919     
 -0.99357901232846657     
 -0.99402947998883562     
 -0.99431240800373144     
 -0.99442353110104587     
 -0.99436317256789941     
 -0.99413612475239721     
 -0.99375141437324599     
 -0.99322196164642951     
 -0.99256414487361833     
 -0.99179728439424375     
 -0.99094306162941903     
 -0.99002489030178276     
 -0.98906725777537896     
 -0.98809505481280668     
 -0.98713291189626307     
 -0.98620455962167075     
 -0.98533222958083844     
 -0.98453611063704183     
 -0.98383387362654529     
 -0.98324027534271974     
 -0.98276685024762722     
 -0.98242169577985172     
 -0.98220935446111746     
 -0.98213079332244291     
 -0.98218347854623556     
 -0.98236154072333148     
 -0.98265602381772299     
 -0.98305520887390152     
 -0.98354500174147663     
 -0.98410937266871379     
 -0.98473083456041954     
 -0.98539094602505450     
 -0.98607082505886712     
 -0.98675165932825859     
 -0.98741519950182965     
 -0.98804422292714733     
 -0.98862295611162077     
 -0.98913744591144548     
 -0.98957587101029698     
 -0.98992878712797672     
 -0.99018930138269923     
 -0.99035317328134154     
 -0.99041884187162310     
 -0.99038738060214304     
 -0.99026238334653471     
 -0.99004978680727096     
 -0.98975763607877787     
 -0.98939580148135198     
 -0.98897565584707969     
 -0.98850972222495792     
 -0.98801130246157887     
 -0.98749409730168680     
 -0.98697182854355658     
 -0.98645787338972035     
 -0.98596492047376438     
 -0.98550465614513638     
 -0.98508748848848837     
 -0.98472231527893717     
 -0.98441634067038131     
 -0.98417494392347371     
 -0.98400160194696151     
 -0.98389786589455863     
 -0.98386339057164063     
 -0.98389601400157567     
 -0.98399188321665654     
 -0.98414562120508642     
 -0.98435052898985675     
 -0.98459881605832889     
 -0.98488185181752508     
 -0.98519043042761545     
 -0.98551504126666067     
 -0.98584613739866844     
 -0.98617439474400481     
 -0.98649095517004559     
 -0.98678764740978386     
 -0.98705718055190128     
 -0.98729330579918728     
 -0.98749094323237729     
 -0.98764627141138239     
 -0.98775677876265078     
 -0.98782127680794241     
 -0.98783987635512216     
 -0.98781392876704022     
 -0.98774593532438393     
 -0.98763942848042208     
 -0.98749882945170320     
 -0.98732928708546641     
 -0.98713650328287494     
 -0.98692655043321076     
 -0.98670568632852573     
 -0.98648017188637627     
 -0.98625609671972314     
 -0.98603921717140974     
 -0.98583481089268954     
 -0.98564755141067928     
 -0.98548140542008356     
 -0.98533955477322754     
 -0.98522434435311956     
 -0.98513725622080117     
 -0.98507890965371459     
 -0.98504908595797491     
 -0.98504677626411996     
 -0.98507024992053649     
 -0.98511714059639277     
 -0.98518454681805412     
 -0.98526914355514494     
 -0.98536730360555214     
 -0.98547524694304567     
 -0.98558916837890809     
 -0.98569740347169765     
 -0.98552826322888676     
 -0.97895529108071344     
 -0.85235426817162441     
   1.1631019887476182     
   27.199359468212229     
   251.66145309502008     
  -370.12401674159349     
  -86210.782557498736     
  -2604500.3594999188     
  -56525217.388590820     
  -1010217203.3570511     
  -15109195550.975544     
  -177328358912.66260     
  -1122022401376.6353     
   17084924342220.414     
   919195964167091.00     
   35840813166689308.     
  -14490917989740390.     
   20882179024971236.     
   22679826597789040.     
   6915177056310182.0     
  -2957636600382407.0     
   3115780506459177.0     
   21857711337360440.     
  -26037377307108716.     
   16354029156862680.     
   16690717457663682.     
   16165444486078932.     
   8840360121806008.0     
  -5824293708436023.0     
   5233381456918166.0     
   42865459928690976.     
  -6.5646610712866074E+017
  -15538010783744306.     
  -1.5466894255327078E+017
  -12421359879709356.     
   3431587747404446.5     
  -8938933010668146.0     
  -8193600595907482.0     
   16886240840835674.     
   15384241630808808.     
   14035306881907480.     
  -12094004323902770.     
  -13950099521934506.     
  -581432756167450.75     
  -19455537360954420.     
  -23683574248193052.     
   15259310675554386.     
   23695408943035644.     
  -11279964094879846.     
   76908496162624000.     
   19234973735279496.     
   6371392094046694.0     
  -40613770118629936.     
  -42841435073976624.     
   21478315451752820.     
  -17559698568158100.     
  -18000718633913466.     
   10184977322557494.     
   1362421738768924.5     
   7578697920658105.0     
  -39795977300621456.     
  -1.7137239935245277E+017
   20384744416957696.     
   38472114594186152.     
   11875071735055558.     
  -7180287556783770.0     
   3500781368533419.5     
  -12650768038418330.     
   82371976626602016.     
   15693205291584076.     
   19688580793210928.     
   47912528524581680.     
   84634922770865808.     
   11652254788993322.     
   64564798639104536.     
  -30058079248636632.     
  -61429509340738744.     
  -38294699264879296.     
  -57247120425445624.     
   12453622159927910.     
   28017591967875260.     
   100912993905071.25     
   18259904574373320.     
   7851492649868769.0     
   47295978004631720.     
   39812158972403600.     
  -14281755723632202.     
  -7078503047390708.0     
   3249297908949946.5     
  -17559433648450546.     
   31801094299492064.     
  -8327645073761376.0     
   24496824964315092.     
   7686400634583425.0     
   20703035198619052.     
  -8603526718040464.0     
   2631889465451169.0     
  -2388530575266662.5     
  -7987746173436174.0     
  -42908288644084912.     
  -20603114197622176.     
  -32174011899090820.     
   1.1948971673115685E+017
   10641620203916596.     
   1315285320230493.8     
  -13315603191572144.     
   82636054880833248.     
   58038419454439456.     
   39700693658753456.     
   25296296208933776.     
  -44306681979514560.     
   3790346005359242.0     
  -10360674339120978.     
   7265703479738171.0     
   13194032464844272.     
   97428953313075088.     
   13103881199125854.     
  -41447866315976032.     
  -30138871464857516.     
   81198607111114.859     
  -38666491840464512.     
  -10125335929131120.     
  -7725134854180210.0     
  -1.7423344254923840E+017
   56986059966362568.     
   9461049177120404.0     
  -25038816718923264.     
   4364132240724947.5     
  -8111557266750319.0     
   27839492828774892.     
   1.4048325824206798E+017
  -42040110290900408.     
  -13236821257597428.     
   7537135693756857.0     
  -1954991021673238.8     
  -4.1416401626049254E+018
  -5219345367851393.0     
   2.5933929195006362E+017
  -22509255167915188.     
  -45478001783958008.     
   27917239542869516.     
   1.2842220054392860E+018
   9664215955576900.0     
  -3939660125374169.0     
   6187316654024565.0     
  -15708259447410588.     
  -30634570832668064.     
  -8130241597547667.0     
  -9217462853092294.0     
  -4486575228354619.5     
  -2735719488216081.0     
   23109260259428580.     
  -18377251183785408.     
  -30394699855223972.     
   17372304967439490.     
  -4.5333174579685850E+017
  -31461638018986532.     
   1724699871718760.8     
  -1.8836701071536796E+018
  -19219652207003420.     
  -2.6053271443764557E+017
  -26847819983990484.     
   51232670362217152.     
  -9717188472016384.0     
   4138666797746015.0     
  -5783493405554658.0     
   10549246176812648.     
  -9678778219577144.0     
   29696228378313944.     
   40926137976947008.     
  -1.9022828482545955E+017
  -28537148135872276.     
  -2939719343216838.0     
  -45436862879346736.     
   17146765011415390.     
   4.3042954270847776E+017
  -20044897698229048.     
  -15360160236086310.     
  -24004343295653232.     
  -37414497253548416.     
  -828652979225210.50     
   5131239263555850.0     
   6186535625268612.0     
  -1.1900342173943393E+018
   18223968220699432.     
  -37317828803257672.     
   16685026890684116.     
  -2591422529653752.0     
  -4194750663430445.5     
  -65121789157422032.     
  -75852903254536448.     
  -3.9313823431715437E+017
  -20004777547379476.     
  -13572155260211010.     
   16459648275271270.     
  -1172532776322254.0     
   14209137517184128.     
  -42053779795334680.     
  -17310722358314356.     
  -54825348257143904.     
   30798128107099224.     
  -11137850441027868.     
  -20335955041804604.     
   4206312520074288.5     
   9259299506395518.0     
   16801464812029248.     
  -28266371630947264.     
  -39135318003047176.     
  -2.5974958041052589E+017
  -41595844413404336.     
   2586073118236846.5     
   5437272810345163.0     
  -88904769294076912.     
  -17358918478202542.     
  -11786522781676806.     
  -72641260972695808.     
   16440078590967628.     
  -6873615733139270.0     
  -1412728370913052.5     
   9795550669778318.0     
   31189389323558780.     
   21216635820938752.     
  -94662897363035328.     
   18109912034951028.     
   8.5404949817860301E+017
   7602395448532893.0     
   4090843245782220.0     
  -9220651602523712.0     
   1.0213378424575318E+017
   1.3923589175117312E+017
  -28072689387039552.     
   18885074253050564.     
  -14089400006495252.     
  -951727768232019.75     
   17488516175690920.     
   3.6496801823036659E+017
  -19345252866826456.     
  -39645683209910168.     
  -21673100103618532.     
   7030595344888930.0     
  -2.4492664514039018E+017
  -1136410770817758.5     
  -20875502896403400.     
   13298634074917178.     
   11355891721901622.     
   13033403716989866.     
   9876142024451906.0     
   19543724995139828.     
  -3245465212209596.0     
   6831268655182014.0     
  -4.1454537711722097E+018
  -24064009893166420.     
   50858425841139424.     
   6392497143293835.0     
   15415997827987618.     
  -12250145443869526.     
  -623834681678452.12     
   19081435003414680.     
  -7642376277525081.0     
   38700116528895000.     
  -12372365184813528.     
  -2.7349677767734992E+017
  -27246463751632188.     
   4647961476801848.0     
  -5187249486328398.0     
   1.2186731929764531E+017
  -58134024503218624.     
   14877166080556906.     
  -22553042025461748.     
   11992652694898916.     
  -37325629789530464.     
   930518480043074.00     
  -3618098573082437.5     
   22924219791434260.     
  -13441572507695930.     
  -8937758149122882.0     
   39139738630808664.     
   21614118308351604.     
  -5064264848191127.0     
   1.4576658649051910E+017
   13122129204614856.     
  -20467481829108108.     
   9785824631338166.0     
   1.0946207077272384E+017
  -35331485569417812.     
  -14122091331142622.     
   2954416884541163.0     
   5975300851981709.0     
  -50649309191607080.     
  -39245892931656488.     
  -27499964472605660.     
   16073007875546566.     
  -1.9432645102476208E+017
  -5496234960216651.0     
  -363525292329286.62     
   5033039497457386.0     
  -9183361178424402.0     
  -26043431886160100.     
  -25287663592228804.     
   39054328254707712.     
  -7784604500203902.0     
  -2460292403148896.0     
  -3985094385117378.5     
   20690744779062320.     
   6159542922770321.0     
  -9729247927806568.0     
   23483710770785364.     
   2.2995323539859162E+017
  -12519713841498590.     
  -970546007616311.38     
   10188134094046302.     
   23701158847161792.     
   9299771450188918.0     
  -10768857101813100.     
  -5292573321020791.0     
  -16354936093280572.     
  -5336540995652200.0     
  -4477607865408907.0     
  -21842428930515528.     
  -9475801094654084.0     
  -19555105419206032.     
  -69009000524954128.     
   12549861396722832.     
   31524633926490572.     
   2798406913780978.0     
   3308529209320542.5     
  -5467102320488224.0     
   10283072716809596.     
   3.7520077894121958E+017
   25356977510962184.     
   14580118451551700.     
  -7817945569798850.0     
   17640564658818760.     
  -12117707274230548.     
  -11000713818115262.     
   5.9047082076680589E+017
   5.9258035911080678E+017
  -31751799219493260.     
  -8472251182185135.0     
  -17344224300615862.     
   4857485635624687.0     
   20306229506088548.     
   1.0357874544822539E+017
  -1.6714596330671962E+017
  -15552229491989776.     
   8162969282034316.0     
   82975371115243120.     
  -16235132660732670.     
  -17568665873818820.     
   13538764376270314.     
  -13718661718869040.     
   18886854882711428.     
   3.6136798414220480E+017
  -1.6677424701972458E+017
   21321283866303204.     
  -3736264821001759.5     
   1.1402393273696190E+017
   11695950650992004.     
  -12740163539767218.     
   24810387504766612.     
  -68966952122560656.     
   19849858320928184.     
  -2978513136202365.0     
  -1.0497637693415298E+017
  -10929323642674318.     
  -1.2180264762339736E+017
   28972318066965932.     
  -9813139242382748.0     
  -54515950039684808.     
  -6886788703612382.0     
   1569344183069474.2     
  -16655174589046540.     
  -7657428053624379.0     
  -14657432013485456.     
   1.6206812446951859E+017
  -10673640179410610.     
   5390497188595762.0     
   12242613827167820.     
   4795000981103069.0     
   4883893825833440.0     
   1.0608942894074274E+017
  -86675638487099232.     
   15646878342994856.     
  -21054381269347200.     
   26239856413541808.     
  -971783966504037.50     
  -8913803534479617.0     
   3.1171033728987776E+017
   10889224535723388.     
   39587717976326912.     
   31397720606991668.     
   10420483462703582.     
   12776647562750886.     
   8117007216347582.0     
  -8119511372186557.0     
   22586281665733584.     
  -45193508915942168.     
   13141339228838544.     
   13077836857686210.     
  -3664545964282574.0     
   19471867929565336.     
  -18854711800329900.     
   7866567758905678.0     
   28694565352976988.     
   91215756069638112.     
   31573687607793432.     
   38778880578359104.     
  -8979111354209143.0     
  -823314565956776.25     
   16367970129551152.     
   9042562123293322.0     
  -97055903469667696.     
   4.3583973443371232E+017
  -26703563325194236.     
  -15404414931311986.     
  -9789696302980764.0     
   3300005597648300.0     
   67896189502591280.     
   16574566534289888.     
   16099167830982932.     
   29436461050669952.     
  -6.8419165823086515E+017
   2992039874114140.0     
  -1700925313472479.2     
   17225411989197210.     
  -5589501717526523.0     
   32904165371664248.     
   64753820033944408.     
   1.3767091571574433E+018
  -85467967151026528.     
   11188494707831900.     
   5811321690881889.0     
  -9958916894097578.0     
  -13759257172213462.     
   12508282456463846.     
   68873874651772672.     
  -9767706931753576.0     
   8.7486993971277402E+017
   1.0121249701416578E+017
   6925128588503372.0     
   23422922084139808.     
   49148883905535808.     
   6402207989117609.0     
   12079670106237936.     
   12396988441542440.     
  -4887765449143112.0     
  -3631162698567076.0     
  -17696033696193690.     
  -1.0930302485151965E+017
   15577298278054260.     
  -1.5423704163697008E+017
  -9746848571933628.0     
  -11264817074136384.     
   16224882021443472.     
  -99845879144047344.     
  -11732423760291066.     
  -7857459672309595.0     
  -13692866502413838.     
  -21756592022608072.     
  -14160930441457926.     
  -23731575254877080.     
  -3657918117685078.0     
   14898254326391288.     
   26129141581667780.     
   12547027358805398.     
  -11226610175881098.     
   14691348320744298.     
   35501663157964996.     
  -2.3937528692492368E+017
  -1941498230802488.8     
   24649373411028808.     
   14504267201991736.     
  -20404538464479336.     
   1.3391930559493320E+017
  -51631508295619800.     
   7659163035761089.0     
  -2784912645914088.0     
  -2752260132128857.0     
   16302520653104334.     
  -21890132039295780.     
  -20040686216126084.     
   73804156033130608.     
   1.6073688505100387E+017
  -11866055222679276.     
  -1692245464694681.2     
   9246727362767244.0     
   19977377712216172.     
  -13897762330483094.     
  -8365126416538953.0     
   9235712103356558.0     
   10332714184659572.     
   5367204276495664.0     
   1915036169721763.0     
  -17691206650153462.     
  -22282370858963608.     
   28185813042808428.     
   35702874926230312.     
  -54365282182462432.     
  -41018887850866376.     
   10506628955081272.     
   12262522991435846.     
  -12154289945182888.     
   16089224176862538.     
  -78619482213122544.     
   19594471069913792.     
   6464396796998331.0     
   17389829291782070.     
   540154905120630.25     
  -5925152594425298.0     
   41331776945371800.     
  -15498319380585070.     
   56269777065236800.     
  -12254486565532862.     
  -3882722345090430.0     
   4240533332028743.5     
  -3065842358510653.5     
  -20396117422521036.     
   8379559641438790.0     
  -23851117186247980.     
  -63004429742885776.     
   9577798482413318.0     
  -13172956450824578.     
   685044731588814.50     
   15582369654359624.     
  -28291846910728928.     
  -14449297639363870.     
  -34018410794962152.     
   16899631342705682.     
  -81611418500620368.     
  -7425825612669297.0     
  -1326619994896909.5     
  -13782352213957178.     
   9630039037234494.0     
   14619644726732242.     
  -25808180741201532.     
  -33049995961729056.     
  -16482242199924280.     
  -4684477003189544.0     
  -18863712283559480.     
  -5807378042282015.0     
  -27445807586573888.     
  -31462808623054728.     
  -11385601568262414.     
  -11759083572740444.     
   40749983686934328.     
  -645736284623674.25     
   54662477837418608.     
  -56556190639037656.     
  -54837004867986664.     
  -8140472456226602.0     
  -18811239838258156.     
  -35460561626381328.     
   19883478390719800.     
   9404487668089392.0     
   64870048262473304.     
   9229823004901158.0     
  -58222024366184920.     
   83675369840902800.     
   82451658881726272.     
  -11121622799557424.     
  -1310478910216323.0     
   6109624694361176.0     
   7273196965119172.0     
   1.3997244558697664E+017
   28302232571404844.     
  -9.1467557417385293E+017
   24255790993067472.     
   4812962678963155.0     
   1269036033777381.2     
  -25509605714216960.     
   12836699542910994.     
   18919374198222936.     
   23449066549707036.     
   49236391384879208.     
   24103659367850552.     
  -9131216008144306.0     
   6392506167125954.0     
  -56434038167759592.     
  -18626161150111252.     
  -12727733502426478.     
  -45173685872558416.     
   24989552897273072.     
   1.0718441948432221E+017
   1.2406947968136624E+017
  -11619707590263930.     
   46430038323510632.     
  -6.3814814489728832E+017
  -14243239796549240.     
  -12115982633460134.     
  -7245633797545813.0     
   2.0121451905641728E+017
  -6957868192194613.0     
  -6932763377436809.0     
  -11613503546130446.     
  -17185362564581970.     
   60396319760458616.     
   16252777119048704.     
   10977303612953124.     
   1951294859644344.8     
   1.3159239653827198E+017
   22447948019878264.     
   14685743557845188.     
  -24208045525891372.     
   26630332532530752.     
   43335594109482840.     
  -7441809350739425.0     
   1706646770386380.2     
  -10876193672301748.     
   40577960962876104.     
  -9267925855389904.0     
   1.1964492975614364E+018
  -60288879929263448.     
   10278206418328322.     
   1201892361766037.8     
   6121573044081212.0     
   30798881874435136.     
  -45440302989938504.     
   45999223896690440.     
   9391181645662502.0     
   7871133280248108.0     
  -4839074899526785.0     
  -19831518774575.441     
   74460353109832512.     
   14102748768629732.     
   28544188309485416.     
  -16314156476663630.     
  -28560763114924416.     
  -49469119344204968.     
   2040058805358484.2     
   7537298795975299.0     
  -37365546117837640.     
  -11559664746213604.     
   21007120998328068.     
   1.4474128542555382E+017
  -13842632041016846.     
  -8256156192682339.0     
   11406088746457630.     
   3963532368176107.0     
  -21287245276874492.     
   49833822945175880.     
   67911755426929896.     
  -18753545260639500.     
   11456764135707630.     
  -14093071237022010.     
   2183234293624983.0     
   11995905107815022.     
  -32075863258677320.     
  -49563239617246440.     
   15708746951404142.     
   14784072846115602.     
   29984732150380640.     
   7541610623153612.0     
   21888116844249480.     
  -21490917249787288.     
  -25443242810823328.     
  -29924288741822136.     
   11382086726793642.     
   87907994724391008.     
   4759612804046127.0     
   70181127046660.844     
   42636882913988992.     
  -47088466981814264.     
   5.0008612254451347E+017
  -9177319441757762.0     
   58623687735757208.     
   72890182096039904.     
   38342702303188472.     
   3124908964016330.0     
   13775800410541406.     
   1.7549685027193843E+017
  -18838408034111216.     
  -15544681147557892.     
  -28597997201788204.     
  -19761436117200392.     
   2196425356442666.8     
   54645785812840848.     
  -27391284761597296.     
   5662353392518404.0     
   33783433147803432.     
  -17716332731971074.     
  -14867939797372270.     
  -18302485441037224.     
  -2510355216094245.5     
  -13041464159230094.     
   10955908354827514.     
   1.0842526351322708E+018
   68920836129178400.     
  -24559173034759308.     
  -6686747897386262.0     
   1.1361853713269034E+017
   5347490784777571.0     
  -16084742546565846.     
   15566267705638504.     
  -25397723979939980.     
   22106536722936224.     
  -23095443071269692.     
   3518376600672938.0     
   317838731756917.06     
  -8138024702577852.0     
  -53012789137242576.     
  -10750736617648638.     
  -36495557092501720.     
   41216418483863464.     
   28668588669556872.     
  -14899967146156318.     
  -1309299250211216.2     
   5086121578382406.0     
  -1.4261110534405597E+017
  -54648579489961200.     
   1.5191567452008950E+017
   25990317952500600.     
  -12723697436856248.     
   811677559958294.00     
  -2948126718733484.0     
  -16311950346170122.     
   61836163335708880.     
   41361438674223336.     
  -37413895290210888.     
  -12120371426560816.     
  -22493866963967000.     
   1403656698577352.8     
  -72632253233003984.     
   22873289014429716.     
   49860607170270392.     
   18634698325584460.     
   14403667874438580.     
   7928103516325335.0     
  -9472646502759136.0     
  -3065151165495936.0     
   9401632756825842.0     
  -49137507161069832.     
   22475263589649740.     
   7597683400091500.0     
   3.7389612597327834E+017
  -3827979479051507.5     
  -4010851413532792.0     
   73351298976319312.     
  -9847172344872078.0     
  -44783160773860216.     
   84010465471173984.     
   14926298072348674.     
  -9256389241378846.0     
   9448051045343064.0     
  -6298074062575512.0     
   21651055641030192.     
   70319670220718408.     
   8.0222966410172723E+017
   35223679976317140.     
  -21868786326903756.     
  -57284932149238920.     
   5199478336033101.0     
   3432259465554657.5     
   10706494207656396.     
  -13781236800376360.     
  -22090736414322468.     
  -19667261676527356.     
  -24087331060184816.     
  -23386780515197412.     
  -23689027059689040.     
   10873527743978182.     
  -13804713274466542.     
  -22380079564102148.     
   24073587015852088.     
   25895765019694296.     
  -40266724281620472.     
   1.9355770184294362E+017
  -14241555922930992.     
   34958544737822776.     
  -18132093968017464.     
  -16028672331988058.     
   80048829094407616.     
  -6532291168905268.0     
  -12424392816823442.     
  -3646071097132890.5     
  -10967981279265816.     
  -15635721399788554.     
   16086599758700188.     
   12603696065858032.     
   14873566427360214.     
   16895869968584362.     
   24471121915055956.     
   3133631255895739.5     
   21657317064575656.     
   15014686640404910.     
  -83855316131640112.     
  -15072226069158048.     
  -1.6232381598912640E+017
   16825202545774670.     
  -9141006613057764.0     
   4362521537433216.5     
  -28823976896529768.     
  -17284560621611626.     
   12081109075958086.     
  -2.1819710764176534E+017
   12568238768856068.     
  -32880141230596272.     
   2676383310747204.5     
   33659895952216440.     
  -16813424534629008.     
   27918737656851328.     
  -51266958665793144.     
  -13096120187330700.     
   52272811630209448.     
   2283315452738917.5     
   2422868848408996.0     
  -5387961795201374.0     
  -16951484244642892.     
  -31292111806354080.     
   6.2068576912109286E+017
  -74016681399047600.     
   4963163469157691.0     
  -541512727740322.44     
   3083322482672903.0     
  -13249625627815244.     
   1.3296510949415690E+017
  -14621891137814844.     
  -11873268460829668.     
   8443528332140440.0     
   2455105987978996.5     
   3114077928339746.5     
  -33839735330834004.     
  -16388233083566078.     
  -40157316002586384.     
  -99455121795494400.     
   9838640705816594.0     
  -24518804672960808.     
  -3840916565161978.5     
  -3355766820376742.5     
  -5500029757197404.0     
  -5.7264307731099430E+017
   16776225098457920.     
   65136953589648264.     
   6642488695536865.0     
   9565097745403450.0     
   213141150416270.28     
  -14170478820246824.     
   5574392827028084.0     
   1.2680129843191491E+017
  -16290601685690346.     
  -15553112745651098.     
   1.7416381372945242E+017
  -7311253838589502.0     
  -5864560735775508.0     
  -43496736034082592.     
  -7860956548619444.0     
   32857865324325652.     
  -8973938965462446.0     
  -29844076657436372.     
   26600888095178856.     
   3410023083852566.0     
  -20888556407411756.     
   23131295623855672.     
  -18397992775204408.     
  -10544690659207924.     
   1.2269581853912331E+017
  -14875158624712862.     
  -8351601888635727.0     
  -720531960567429.62     
  -6034632706069149.0     
   12355320527407212.     
   16766284069549984.     
   2.8332448837671328E+017
   10482039866542838.     
   14064116708793398.     
  -1681037284377080.5     
  -6570522109355927.0     
   5571300214243570.0     
  -15875944403935534.     
  -42247980631143472.     
  -1.0147290323934498E+017
   11641243680290172.     
   5808044446435912.0     
   145370578306252.19     
  -6128336422481600.0     
  -7576402520821266.0     
  -23287955094161400.     
  -16939802006713022.     
   38045767670439200.     
   7.8098740658121562E+017
  -2706175765414589.0     
  -3232665916110816.5     
  -17532748321275068.     
   24794440370485320.     
   15654674966226334.     
  -55552403041099472.     
   73056846140465344.     
   1.2737398547034235E+018
   21974960990674704.     
  -6968201333523203.0     
   41508019023327888.     
  -41938723629566240.     
  -17262458889914142.     
   29496876951393300.     
   16863464313397012.     
   71252594559130272.     
  -990252209468396.12     
   8525583483071621.0     
  -4811567450688616.0     
  -25396153733287092.     
  -20602434513995600.     
  -10580666483827324.     
  -19884031094334724.     
   10639214708695302.     
  -11582028978817876.     
  -12920629188239034.     
   16072404613488750.     
  -64917236002885328.     
  -16552209550728542.     
  -8293071356113844.0     
  -6683725198193436.0     
   3216445111980427.0     
  -7464463871350084.0     
  -7262375122803672.0     
  -7958788775196553.0     
   25700116167640920.     
   44780805586876856.     
   7850251169789285.0     
  -3.8132052803893773E+017
  -7130509493714376.0     
   11997629545303832.     
  -16615614251285118.     
   9137292670802410.0     
   22844490125644464.     
  -48271974245953304.     
   7542465216237517.0     
  -1827014798836167.8     
   5445039970294165.0     
   8037467337690640.0     
  -17763761406871464.     
  -8480314862381169.0     
   12931318812166260.     
  -27596419313800196.     
   3530068192882609.5     
  -1258829631324160.2     
   10327248107315990.     
  -15517568349911252.     
  -8044669420351671.0     
   41626991017422480.     
   42886125961268456.     
  -4241026432741492.0     
   4145178696916821.5     
  -4423351686859568.0     
  -5229449082057875.0     
  -17096444562612582.     
  -7.0506746657958131E+017
   13502278744009998.     
  -13215455809786950.     
  -22643028194314228.     
   228825143469733.06     
  -32666341594686348.     
   18672918678568304.     
  -30567596988779708.     
  -6.0372433092967219E+017
  -8034601919616417.0     
  -36755002239481080.     
  -2623062363541839.0     
   2470778156449560.5     
   9256841959325462.0     
   10593836447495990.     
   33549731074862892.     
  -63616536339569784.     
  -5.4410457089844422E+017
  -4320458210320354.5     
   3146371459402410.5     
  -6644103743505909.0     
  -4378931712212220.5     
  -17499078502711016.     
   13608018616822752.     
   16876359102883214.     
   8149699290830475.0     
   9430685361773798.0     
  -2799014682668517.0     
  -5388219077420553.0     
  -8269905866780051.0     
  -10899716228041500.     
  -18337055944497916.     
   18354023363545256.     
   8641012371489567.0     
  -6626725806704827.0     
  -27151867801981172.     
  -2.7485078327191645E+017
   19564029423271800.     
  -15978875931289394.     
   14360674582161318.     
  -4.6236940299597427E+017
   10970244023232754.     
  -2401360749167167.5     
   19152388574214344.     
  -1.5197648478778035E+017
  -19008266360738748.     
  -1.4770923365036643E+017
  -79165309363792992.     
   16727504355730076.     
  -7954851233374393.0     
   2426428731405856.0     
  -12111327448601032.     
   35750631789947432.     
   21257066197145536.     
   43596681176125240.     
   23897248996931264.     
  -13315902105098384.     
   3405247663546009.5     
  -11276332160510130.     
  -26680182936768088.     
   10449239884610204.     
   18141048570643788.     
   13283231353826004.     
   36227055511160800.     
  -3980609508289315.0     
   586691041415088.75     
  -6851943246648701.0     
  -13046733351206946.     
  -7804566825451048.0     
   1.1683758615733382E+017
   20531421415635148.     
  -8.2540839756700134E+017
   3534787657318709.5     
   23833090886202008.     
   16084283137728870.     
  -20556808533103224.     
  -41966603685123440.     
   70002977429727072.     
   11537206418262306.     
   4.6591237471152557E+017
   1312507765764324.5     
   89764142663718512.     
  -21187446723184352.     
  -8744337821083814.0     
  -2.8709599210608253E+017
   1.3673160188298896E+017
   15032324883629752.     
  -5957224769395385.0     
   17001429307958280.     
   8701059388507154.0     
  -17646086054536916.     
   10588810086830866.     
  -10576387876198620.     
   7058778291256468.0     
   39670174503367840.     
  -4429637038589889.0     
  -5239164531508613.0     
   7494964591488574.0     
   13089424365788064.     
  -17327002969193938.     
  -16732793571608632.     
  -5348186209263998.0     
   8837422403347097.0     
  -866139139774584.88     
  -16899216039186240.     
  -8.1987708087622566E+017
  -32254101631006248.     
   7998936055305948.0     
   7294330791084702.0     
   9182379279981036.0     
   4584703452488205.0     
   3317069008109026.5     
   31812428108063868.     
  -14656472415255382.     
   17691703801834506.     
   27782242170995056.     
   28025291253758428.     
  -7812243132501336.0     
  -3043948699738849.0     
  -2.8163840238845690E+017
   6712596130014963.0     
   33307052819815020.     
  -1.9878162872380272E+017
   7734028041097631.0     
   3.4911029633340512E+017
   6053412071615418.0     
  -4831248209074125.0     
  -8062823212881114.0     
   13749976609508216.     
  -28769065819529440.     
   13614370882202714.     
  -9556269662995534.0     
  -26964534571335220.     
  -1821439188273153.0     
  -7103281953022839.0     
   7533825344822309.0     
  -11893291972526320.     
  -1.1084131750327096E+017
   1.3964665094887682E+017
   20340927884018536.     
  -18128427486354288.     
  -578644599723559.88     
   4163565422668540.5     
   16892164066654274.     
  -1.6977644807660102E+017
   51945589031433816.     
   5743794766604519.0     
   4698869850786533.0     
  -10121937711363774.     
  -12624090504439264.     
   6926434544901829.0     
  -62610763608879472.     
  -17875014565914998.     
  -94367064765449872.     
  -22795460453842024.     
   13860308368338976.     
  -2484713763162836.0     
   19812737198470676.     
   7514074225709702.0     
