 (  1.0000000000000000     ,  0.0000000000000000     )
 ( -1.0000000000000000     ,  0.0000000000000000     )
 (  2.0000000000000000     ,  0.0000000000000000     )
 (  0.0000000000000000     ,  0.0000000000000000     )
 (  3.0000000000000004     ,  0.0000000000000000     )
 (  1.0000000000000004     ,  0.0000000000000000     )
 (  3.9999999999999996     ,  0.0000000000000000     )
 (  1.9999999999999996     ,  0.0000000000000000     )
 (  5.0000000000000000     ,  0.0000000000000000     )
 (  3.0000000000000000     ,  0.0000000000000000     )
 (  6.0000000000000009     ,  0.0000000000000000     )
 (  4.0000000000000009     ,  0.0000000000000000     )
 (  6.9999999999999991     ,  0.0000000000000000     )
 (  4.9999999999999991     ,  0.0000000000000000     )
 (  8.0000000000000000     ,  0.0000000000000000     )
 (  6.0000000000000009     ,  0.0000000000000000     )
 (  9.0000000000000018     ,  0.0000000000000000     )
 (  7.0000000000000018     ,  0.0000000000000000     )
 (  10.000000000000000     ,  0.0000000000000000     )
 (  8.0000000000000000     ,  0.0000000000000000     )
 (  11.000000000000002     ,  0.0000000000000000     )
 (  9.0000000000000018     ,  0.0000000000000000     )
 (  12.000000000000000     ,  0.0000000000000000     )
 (  10.000000000000000     ,  0.0000000000000000     )
 (  12.999999999999998     ,  0.0000000000000000     )
 (  10.999999999999998     ,  0.0000000000000000     )
 (  13.999999999999998     ,  0.0000000000000000     )
 (  11.999999999999998     ,  0.0000000000000000     )
 (  15.000000000000000     ,  0.0000000000000000     )
 (  13.000000000000000     ,  0.0000000000000000     )
 (  16.000000000000000     ,  0.0000000000000000     )
 (  14.000000000000002     ,  0.0000000000000000     )
 (  17.000000000000000     ,  0.0000000000000000     )
 (  15.000000000000000     ,  0.0000000000000000     )
 (  18.000000000000000     ,  0.0000000000000000     )
 (  16.000000000000000     ,  0.0000000000000000     )
 (  18.999999999999996     ,  0.0000000000000000     )
 (  16.999999999999996     ,  0.0000000000000000     )
 (  20.000000000000004     ,  0.0000000000000000     )
 (  18.000000000000004     ,  0.0000000000000000     )
 (  1.0000000000000000     ,  0.0000000000000000     ) (  0.0000000000000000     ,  0.0000000000000000     ) (  0.0000000000000000     ,  0.0000000000000000     ) (  1.0000000000000000     ,  0.0000000000000000     ) (  0.0000000000000000     ,  0.0000000000000000     ) (  0.0000000000000000     ,  0.0000000000000000     ) (  0.0000000000000000     ,  0.0000000000000000     ) (  0.0000000000000000     ,  0.0000000000000000     ) (  0.0000000000000000     ,  0.0000000000000000     ) (  0.0000000000000000     ,  0.0000000000000000     ) (  0.0000000000000000     ,  0.0000000000000000     ) (  0.0000000000000000     ,  0.0000000000000000     ) (  0.0000000000000000     ,  0.0000000000000000     ) (  0.0000000000000000     ,  0.0000000000000000     ) (  0.0000000000000000     ,  0.0000000000000000     ) (  0.0000000000000000     ,  0.0000000000000000     ) (  0.0000000000000000     ,  0.0000000000000000     ) (  0.0000000000000000     ,  0.0000000000000000     ) (  0.0000000000000000     ,  0.0000000000000000     ) (  0.0000000000000000     ,  0.0000000000000000     ) (  0.0000000000000000     ,  0.0000000000000000     ) (  0.0000000000000000     ,  0.0000000000000000     ) (  0.0000000000000000     ,  0.0000000000000000     ) (  0.0000000000000000     ,  0.0000000000000000     ) (  0.0000000000000000     ,  0.0000000000000000     ) (  0.0000000000000000     ,  0.0000000000000000     ) (  0.0000000000000000     ,  0.0000000000000000     ) (  0.0000000000000000     ,  0.0000000000000000     ) (  0.0000000000000000     ,  0.0000000000000000     ) (  0.0000000000000000     ,  0.0000000000000000     ) (  0.0000000000000000     ,  0.0000000000000000     ) (  0.0000000000000000     ,  0.0000000000000000     ) (  0.0000000000000000     ,  0.0000000000000000     ) (  0.0000000000000000     ,  0.0000000000000000     ) (  0.0000000000000000     ,  0.0000000000000000     ) (  0.0000000000000000     ,  0.0000000000000000     ) (  0.0000000000000000     ,  0.0000000000000000     ) (  0.0000000000000000     ,  0.0000000000000000     ) (  0.0000000000000000     ,  0.0000000000000000     ) (  0.0000000000000000     ,  0.0000000000000000     ) (  0.0000000000000000     ,  0.0000000000000000     ) ( -1.0000000000000000     ,  0.0000000000000000     ) (  1.0000000000000000     ,  0.0000000000000000     ) (  0.0000000000000000     ,  0.0000000000000000     ) (  0.0000000000000000     ,  0.0000000000000000     ) (  0.0000000000000000     ,  0.0000000000000000     ) (  0.0000000000000000     ,  0.0000000000000000     ) (  0.0000000000000000     ,  0.0000000000000000     ) (  0.0000000000000000     ,  0.0000000000000000     ) (  0.0000000000000000     ,  0.0000000000000000     ) (  0.0000000000000000     ,  0.0000000000000000     ) (  0.0000000000000000     ,  0.0000000000000000     ) (  0.0000000000000000     ,  0.0000000000000000     ) (  0.0000000000000000     ,  0.0000000000000000     ) (  0.0000000000000000     ,  0.0000000000000000     ) (  0.0000000000000000     ,  0.0000000000000000     ) (  0.0000000000000000     ,  0.0000000000000000     ) (  0.0000000000000000     ,  0.0000000000000000     ) (  0.0000000000000000     ,  0.0000000000000000     ) (  0.0000000000000000     ,  0.0000000000000000     ) (  0.0000000000000000     ,  0.0000000000000000     ) (  0.0000000000000000     ,  0.0000000000000000     ) (  0.0000000000000000     ,  0.0000000000000000     ) (  0.0000000000000000     ,  0.0000000000000000     ) (  0.0000000000000000     ,  0.0000000000000000     ) (  0.0000000000000000     ,  0.0000000000000000     ) (  0.0000000000000000     ,  0.0000000000000000     ) (  0.0000000000000000     ,  0.0000000000000000     ) (  0.0000000000000000     ,  0.0000000000000000     ) (  0.0000000000000000     ,  0.0000000000000000     ) (  0.0000000000000000     ,  0.0000000000000000     ) (  0.0000000000000000     ,  0.0000000000000000     ) (  0.0000000000000000     ,  0.0000000000000000     ) (  0.0000000000000000     ,  0.0000000000000000     ) (  0.0000000000000000     ,  0.0000000000000000     ) (  0.0000000000000000     ,  0.0000000000000000     ) (  0.0000000000000000     ,  0.0000000000000000     ) (  0.0000000000000000     ,  0.0000000000000000     ) (  0.0000000000000000     ,  0.0000000000000000     ) (  0.0000000000000000     ,  0.0000000000000000     ) (  0.0000000000000000     ,  0.0000000000000000     ) (  1.0000000000000000     ,  0.0000000000000000     ) (  2.0000000000000000     ,  0.0000000000000000     ) (  0.0000000000000000     ,  0.0000000000000000     ) (  0.0000000000000000     ,  0.0000000000000000     ) (  1.4142135623730951     ,  0.0000000000000000     ) (  0.0000000000000000     ,  0.0000000000000000     ) (  0.0000000000000000     ,  0.0000000000000000     ) (  0.0000000000000000     ,  0.0000000000000000     ) (  0.0000000000000000     ,  0.0000000000000000     ) (  0.0000000000000000     ,  0.0000000000000000     ) (  0.0000000000000000     ,  0.0000000000000000     ) (  0.0000000000000000     ,  0.0000000000000000     ) (  0.0000000000000000     ,  0.0000000000000000     ) (  0.0000000000000000     ,  0.0000000000000000     ) (  0.0000000000000000     ,  0.0000000000000000     ) (  0.0000000000000000     ,  0.0000000000000000     ) (  0.0000000000000000     ,  0.0000000000000000     ) (  0.0000000000000000     ,  0.0000000000000000     ) (  0.0000000000000000     ,  0.0000000000000000     ) (  0.0000000000000000     ,  0.0000000000000000     ) (  0.0000000000000000     ,  0.0000000000000000     ) (  0.0000000000000000     ,  0.0000000000000000     ) (  0.0000000000000000     ,  0.0000000000000000     ) (  0.0000000000000000     ,  0.0000000000000000     ) (  0.0000000000000000     ,  0.0000000000000000     ) (  0.0000000000000000     ,  0.0000000000000000     ) (  0.0000000000000000     ,  0.0000000000000000     ) (  0.0000000000000000     ,  0.0000000000000000     ) (  0.0000000000000000     ,  0.0000000000000000     ) (  0.0000000000000000     ,  0.0000000000000000     ) (  0.0000000000000000     ,  0.0000000000000000     ) (  0.0000000000000000     ,  0.0000000000000000     ) (  0.0000000000000000     ,  0.0000000000000000     ) (  0.0000000000000000     ,  0.0000000000000000     ) (  0.0000000000000000     ,  0.0000000000000000     ) (  0.0000000000000000     ,  0.0000000000000000     ) (  0.0000000000000000     ,  0.0000000000000000     ) (  0.0000000000000000     ,  0.0000000000000000     ) (  0.0000000000000000     ,  0.0000000000000000     ) (  1.0000000000000000     ,  0.0000000000000000     ) (  0.0000000000000000     ,  0.0000000000000000     ) (  0.0000000000000000     ,  0.0000000000000000     ) (  0.0000000000000000     ,  0.0000000000000000     ) (  1.4142135623730951     ,  0.0000000000000000     ) (  0.0000000000000000     ,  0.0000000000000000     ) (  0.0000000000000000     ,  0.0000000000000000     ) (  0.0000000000000000     ,  0.0000000000000000     ) (  0.0000000000000000     ,  0.0000000000000000     ) (  0.0000000000000000     ,  0.0000000000000000     ) (  0.0000000000000000     ,  0.0000000000000000     ) (  0.0000000000000000     ,  0.0000000000000000     ) (  0.0000000000000000     ,  0.0000000000000000     ) (  0.0000000000000000     ,  0.0000000000000000     ) (  0.0000000000000000     ,  0.0000000000000000     ) (  0.0000000000000000     ,  0.0000000000000000     ) (  0.0000000000000000     ,  0.0000000000000000     ) (  0.0000000000000000     ,  0.0000000000000000     ) (  0.0000000000000000     ,  0.0000000000000000     ) (  0.0000000000000000     ,  0.0000000000000000     ) (  0.0000000000000000     ,  0.0000000000000000     ) (  0.0000000000000000     ,  0.0000000000000000     ) (  0.0000000000000000     ,  0.0000000000000000     ) (  0.0000000000000000     ,  0.0000000000000000     ) (  0.0000000000000000     ,  0.0000000000000000     ) (  0.0000000000000000     ,  0.0000000000000000     ) (  0.0000000000000000     ,  0.0000000000000000     ) (  0.0000000000000000     ,  0.0000000000000000     ) (  0.0000000000000000     ,  0.0000000000000000     ) (  0.0000000000000000     ,  0.0000000000000000     ) (  0.0000000000000000     ,  0.0000000000000000     ) (  0.0000000000000000     ,  0.0000000000000000     ) (  0.0000000000000000     ,  0.0000000000000000     ) (  0.0000000000000000     ,  0.0000000000000000     ) (  0.0000000000000000     ,  0.0000000000000000     ) (  0.0000000000000000     ,  0.0000000000000000     ) (  0.0000000000000000     ,  0.0000000000000000     ) (  0.0000000000000000     ,  0.0000000000000000     ) (  0.0000000000000000     ,  0.0000000000000000     ) (  0.0000000000000000     ,  0.0000000000000000     ) (  0.0000000000000000     ,  0.0000000000000000     ) (  0.0000000000000000     ,  0.0000000000000000     ) (  0.0000000000000000     ,  0.0000000000000000     ) (  1.4142135623730951     ,  0.0000000000000000     ) (  3.0000000000000004     ,  0.0000000000000000     ) (  0.0000000000000000     ,  0.0000000000000000     ) (  0.0000000000000000     ,  0.0000000000000000     ) (  1.7320508075688772     ,  0.0000000000000000     ) (  0.0000000000000000     ,  0.0000000000000000     ) (  0.0000000000000000     ,  0.0000000000000000     ) (  0.0000000000000000     ,  0.0000000000000000     ) (  0.0000000000000000     ,  0.0000000000000000     ) (  0.0000000000000000     ,  0.0000000000000000     ) (  0.0000000000000000     ,  0.0000000000000000     ) (  0.0000000000000000     ,  0.0000000000000000     ) (  0.0000000000000000     ,  0.0000000000000000     ) (  0.0000000000000000     ,  0.0000000000000000     ) (  0.0000000000000000     ,  0.0000000000000000     ) (  0.0000000000000000     ,  0.0000000000000000     ) (  0.0000000000000000     ,  0.0000000000000000     ) (  0.0000000000000000     ,  0.0000000000000000     ) (  0.0000000000000000     ,  0.0000000000000000     ) (  0.0000000000000000     ,  0.0000000000000000     ) (  0.0000000000000000     ,  0.0000000000000000     ) (  0.0000000000000000     ,  0.0000000000000000     ) (  0.0000000000000000     ,  0.0000000000000000     ) (  0.0000000000000000     ,  0.0000000000000000     ) (  0.0000000000000000     ,  0.0000000000000000     ) (  0.0000000000000000     ,  0.0000000000000000     ) (  0.0000000000000000     ,  0.0000000000000000     ) (  0.0000000000000000     ,  0.0000000000000000     ) (  0.0000000000000000     ,  0.0000000000000000     ) (  0.0000000000000000     ,  0.0000000000000000     ) (  0.0000000000000000     ,  0.0000000000000000     ) (  0.0000000000000000     ,  0.0000000000000000     ) (  0.0000000000000000     ,  0.0000000000000000     ) (  0.0000000000000000     ,  0.0000000000000000     ) (  0.0000000000000000     ,  0.0000000000000000     ) (  0.0000000000000000     ,  0.0000000000000000     ) (  0.0000000000000000     ,  0.0000000000000000     ) (  0.0000000000000000     ,  0.0000000000000000     ) (  0.0000000000000000     ,  0.0000000000000000     ) (  1.4142135623730951     ,  0.0000000000000000     ) (  0.0000000000000000     ,  0.0000000000000000     ) (  0.0000000000000000     ,  0.0000000000000000     ) (  1.0000000000000004     ,  0.0000000000000000     ) (  1.7320508075688772     ,  0.0000000000000000     ) (  0.0000000000000000     ,  0.0000000000000000     ) (  0.0000000000000000     ,  0.0000000000000000     ) (  0.0000000000000000     ,  0.0000000000000000     ) (  0.0000000000000000     ,  0.0000000000000000     ) (  0.0000000000000000     ,  0.0000000000000000     ) (  0.0000000000000000     ,  0.0000000000000000     ) (  0.0000000000000000     ,  0.0000000000000000     ) (  0.0000000000000000     ,  0.0000000000000000     ) (  0.0000000000000000     ,  0.0000000000000000     ) (  0.0000000000000000     ,  0.0000000000000000     ) (  0.0000000000000000     ,  0.0000000000000000     ) (  0.0000000000000000     ,  0.0000000000000000     ) (  0.0000000000000000     ,  0.0000000000000000     ) (  0.0000000000000000     ,  0.0000000000000000     ) (  0.0000000000000000     ,  0.0000000000000000     ) (  0.0000000000000000     ,  0.0000000000000000     ) (  0.0000000000000000     ,  0.0000000000000000     ) (  0.0000000000000000     ,  0.0000000000000000     ) (  0.0000000000000000     ,  0.0000000000000000     ) (  0.0000000000000000     ,  0.0000000000000000     ) (  0.0000000000000000     ,  0.0000000000000000     ) (  0.0000000000000000     ,  0.0000000000000000     ) (  0.0000000000000000     ,  0.0000000000000000     ) (  0.0000000000000000     ,  0.0000000000000000     ) (  0.0000000000000000     ,  0.0000000000000000     ) (  0.0000000000000000     ,  0.0000000000000000     ) (  0.0000000000000000     ,  0.0000000000000000     ) (  0.0000000000000000     ,  0.0000000000000000     ) (  0.0000000000000000     ,  0.0000000000000000     ) (  0.0000000000000000     ,  0.0000000000000000     ) (  0.0000000000000000     ,  0.0000000000000000     ) (  0.0000000000000000     ,  0.0000000000000000     ) (  0.0000000000000000     ,  0.0000000000000000     ) (  0.0000000000000000     ,  0.0000000000000000     ) (  0.0000000000000000     ,  0.0000000000000000     ) (  0.0000000000000000     ,  0.0000000000000000     ) (  0.0000000000000000     ,  0.0000000000000000     ) (  0.0000000000000000     ,  0.0000000000000000     ) (  1.7320508075688772     ,  0.0000000000000000     ) (  3.9999999999999996     ,  0.0000000000000000     ) (  0.0000000000000000     ,  0.0000000000000000     ) (  0.0000000000000000     ,  0.0000000000000000     ) (  2.0000000000000000     ,  0.0000000000000000     ) (  0.0000000000000000     ,  0.0000000000000000     ) (  0.0000000000000000     ,  0.0000000000000000     ) (  0.0000000000000000     ,  0.0000000000000000     ) (  0.0000000000000000     ,  0.0000000000000000     ) (  0.0000000000000000     ,  0.0000000000000000     ) (  0.0000000000000000     ,  0.0000000000000000     ) (  0.0000000000000000     ,  0.0000000000000000     ) (  0.0000000000000000     ,  0.0000000000000000     ) (  0.0000000000000000     ,  0.0000000000000000     ) (  0.0000000000000000     ,  0.0000000000000000     ) (  0.0000000000000000     ,  0.0000000000000000     ) (  0.0000000000000000     ,  0.0000000000000000     ) (  0.0000000000000000     ,  0.0000000000000000     ) (  0.0000000000000000     ,  0.0000000000000000     ) (  0.0000000000000000     ,  0.0000000000000000     ) (  0.0000000000000000     ,  0.0000000000000000     ) (  0.0000000000000000     ,  0.0000000000000000     ) (  0.0000000000000000     ,  0.0000000000000000     ) (  0.0000000000000000     ,  0.0000000000000000     ) (  0.0000000000000000     ,  0.0000000000000000     ) (  0.0000000000000000     ,  0.0000000000000000     ) (  0.0000000000000000     ,  0.0000000000000000     ) (  0.0000000000000000     ,  0.0000000000000000     ) (  0.0000000000000000     ,  0.0000000000000000     ) (  0.0000000000000000     ,  0.0000000000000000     ) (  0.0000000000000000     ,  0.0000000000000000     ) (  0.0000000000000000     ,  0.0000000000000000     ) (  0.0000000000000000     ,  0.0000000000000000     ) (  0.0000000000000000     ,  0.0000000000000000     ) (  0.0000000000000000     ,  0.0000000000000000     ) (  0.0000000000000000     ,  0.0000000000000000     ) (  0.0000000000000000     ,  0.0000000000000000     ) (  0.0000000000000000     ,  0.0000000000000000     ) (  0.0000000000000000     ,  0.0000000000000000     ) (  1.7320508075688772     ,  0.0000000000000000     ) (  0.0000000000000000     ,  0.0000000000000000     ) (  0.0000000000000000     ,  0.0000000000000000     ) (  1.9999999999999996     ,  0.0000000000000000     ) (  2.0000000000000000     ,  0.0000000000000000     ) (  0.0000000000000000     ,  0.0000000000000000     ) (  0.0000000000000000     ,  0.0000000000000000     ) (  0.0000000000000000     ,  0.0000000000000000     ) (  0.0000000000000000     ,  0.0000000000000000     ) (  0.0000000000000000     ,  0.0000000000000000     ) (  0.0000000000000000     ,  0.0000000000000000     ) (  0.0000000000000000     ,  0.0000000000000000     ) (  0.0000000000000000     ,  0.0000000000000000     ) (  0.0000000000000000     ,  0.0000000000000000     ) (  0.0000000000000000     ,  0.0000000000000000     ) (  0.0000000000000000     ,  0.0000000000000000     ) (  0.0000000000000000     ,  0.0000000000000000     ) (  0.0000000000000000     ,  0.0000000000000000     ) (  0.0000000000000000     ,  0.0000000000000000     ) (  0.0000000000000000     ,  0.0000000000000000     ) (  0.0000000000000000     ,  0.0000000000000000     ) (  0.0000000000000000     ,  0.0000000000000000     ) (  0.0000000000000000     ,  0.0000000000000000     ) (  0.0000000000000000     ,  0.0000000000000000     ) (  0.0000000000000000     ,  0.0000000000000000     ) (  0.0000000000000000     ,  0.0000000000000000     ) (  0.0000000000000000     ,  0.0000000000000000     ) (  0.0000000000000000     ,  0.0000000000000000     ) (  0.0000000000000000     ,  0.0000000000000000     ) (  0.0000000000000000     ,  0.0000000000000000     ) (  0.0000000000000000     ,  0.0000000000000000     ) (  0.0000000000000000     ,  0.0000000000000000     ) (  0.0000000000000000     ,  0.0000000000000000     ) (  0.0000000000000000     ,  0.0000000000000000     ) (  0.0000000000000000     ,  0.0000000000000000     ) (  0.0000000000000000     ,  0.0000000000000000     ) (  0.0000000000000000     ,  0.0000000000000000     ) (  0.0000000000000000     ,  0.0000000000000000     ) (  0.0000000000000000     ,  0.0000000000000000     ) (  0.0000000000000000     ,  0.0000000000000000     ) (  0.0000000000000000     ,  0.0000000000000000     ) (  0.0000000000000000     ,  0.0000000000000000     ) (  0.0000000000000000     ,  0.0000000000000000     ) (  2.0000000000000000     ,  0.0000000000000000     ) (  5.0000000000000000     ,  0.0000000000000000     ) (  0.0000000000000000     ,  0.0000000000000000     ) (  0.0000000000000000     ,  0.0000000000000000     ) (  2.2360679774997898     ,  0.0000000000000000     ) (  0.0000000000000000     ,  0.0000000000000000     ) (  0.0000000000000000     ,  0.0000000000000000     ) (  0.0000000000000000     ,  0.0000000000000000     ) (  0.0000000000000000     ,  0.0000000000000000     ) (  0.0000000000000000     ,  0.0000000000000000     ) (  0.0000000000000000     ,  0.0000000000000000     ) (  0.0000000000000000     ,  0.0000000000000000     ) (  0.0000000000000000     ,  0.0000000000000000     ) (  0.0000000000000000     ,  0.0000000000000000     ) (  0.0000000000000000     ,  0.0000000000000000     ) (  0.0000000000000000     ,  0.0000000000000000     ) (  0.0000000000000000     ,  0.0000000000000000     ) (  0.0000000000000000     ,  0.0000000000000000     ) (  0.0000000000000000     ,  0.0000000000000000     ) (  0.0000000000000000     ,  0.0000000000000000     ) (  0.0000000000000000     ,  0.0000000000000000     ) (  0.0000000000000000     ,  0.0000000000000000     ) (  0.0000000000000000     ,  0.0000000000000000     ) (  0.0000000000000000     ,  0.0000000000000000     ) (  0.0000000000000000     ,  0.0000000000000000     ) (  0.0000000000000000     ,  0.0000000000000000     ) (  0.0000000000000000     ,  0.0000000000000000     ) (  0.0000000000000000     ,  0.0000000000000000     ) (  0.0000000000000000     ,  0.0000000000000000     ) (  0.0000000000000000     ,  0.0000000000000000     ) (  0.0000000000000000     ,  0.0000000000000000     ) (  0.0000000000000000     ,  0.0000000000000000     ) (  0.0000000000000000     ,  0.0000000000000000     ) (  0.0000000000000000     ,  0.0000000000000000     ) (  0.0000000000000000     ,  0.0000000000000000     ) (  0.0000000000000000     ,  0.0000000000000000     ) (  0.0000000000000000     ,  0.0000000000000000     ) (  0.0000000000000000     ,  0.0000000000000000     ) (  0.0000000000000000     ,  0.0000000000000000     ) (  2.0000000000000000     ,  0.0000000000000000     ) (  0.0000000000000000     ,  0.0000000000000000     ) (  0.0000000000000000     ,  0.0000000000000000     ) (  3.0000000000000000     ,  0.0000000000000000     ) (  2.2360679774997898     ,  0.0000000000000000     ) (  0.0000000000000000     ,  0.0000000000000000     ) (  0.0000000000000000     ,  0.0000000000000000     ) (  0.0000000000000000     ,  0.0000000000000000     ) (  0.0000000000000000     ,  0.0000000000000000     ) (  0.0000000000000000     ,  0.0000000000000000     ) (  0.0000000000000000     ,  0.0000000000000000     ) (  0.0000000000000000     ,  0.0000000000000000     ) (  0.0000000000000000     ,  0.0000000000000000     ) (  0.0000000000000000     ,  0.0000000000000000     ) (  0.0000000000000000     ,  0.0000000000000000     ) (  0.0000000000000000     ,  0.0000000000000000     ) (  0.0000000000000000     ,  0.0000000000000000     ) (  0.0000000000000000     ,  0.0000000000000000     ) (  0.0000000000000000     ,  0.0000000000000000     ) (  0.0000000000000000     ,  0.0000000000000000     ) (  0.0000000000000000     ,  0.0000000000000000     ) (  0.0000000000000000     ,  0.0000000000000000     ) (  0.0000000000000000     ,  0.0000000000000000     ) (  0.0000000000000000     ,  0.0000000000000000     ) (  0.0000000000000000     ,  0.0000000000000000     ) (  0.0000000000000000     ,  0.0000000000000000     ) (  0.0000000000000000     ,  0.0000000000000000     ) (  0.0000000000000000     ,  0.0000000000000000     ) (  0.0000000000000000     ,  0.0000000000000000     ) (  0.0000000000000000     ,  0.0000000000000000     ) (  0.0000000000000000     ,  0.0000000000000000     ) (  0.0000000000000000     ,  0.0000000000000000     ) (  0.0000000000000000     ,  0.0000000000000000     ) (  0.0000000000000000     ,  0.0000000000000000     ) (  0.0000000000000000     ,  0.0000000000000000     ) (  0.0000000000000000     ,  0.0000000000000000     ) (  0.0000000000000000     ,  0.0000000000000000     ) (  0.0000000000000000     ,  0.0000000000000000     ) (  0.0000000000000000     ,  0.0000000000000000     ) (  0.0000000000000000     ,  0.0000000000000000     ) (  0.0000000000000000     ,  0.0000000000000000     ) (  0.0000000000000000     ,  0.0000000000000000     ) (  0.0000000000000000     ,  0.0000000000000000     ) (  2.2360679774997898     ,  0.0000000000000000     ) (  6.0000000000000009     ,  0.0000000000000000     ) (  0.0000000000000000     ,  0.0000000000000000     ) (  0.0000000000000000     ,  0.0000000000000000     ) (  2.4494897427831779     ,  0.0000000000000000     ) (  0.0000000000000000     ,  0.0000000000000000     ) (  0.0000000000000000     ,  0.0000000000000000     ) (  0.0000000000000000     ,  0.0000000000000000     ) (  0.0000000000000000     ,  0.0000000000000000     ) (  0.0000000000000000     ,  0.0000000000000000     ) (  0.0000000000000000     ,  0.0000000000000000     ) (  0.0000000000000000     ,  0.0000000000000000     ) (  0.0000000000000000     ,  0.0000000000000000     ) (  0.0000000000000000     ,  0.0000000000000000     ) (  0.0000000000000000     ,  0.0000000000000000     ) (  0.0000000000000000     ,  0.0000000000000000     ) (  0.0000000000000000     ,  0.0000000000000000     ) (  0.0000000000000000     ,  0.0000000000000000     ) (  0.0000000000000000     ,  0.0000000000000000     ) (  0.0000000000000000     ,  0.0000000000000000     ) (  0.0000000000000000     ,  0.0000000000000000     ) (  0.0000000000000000     ,  0.0000000000000000     ) (  0.0000000000000000     ,  0.0000000000000000     ) (  0.0000000000000000     ,  0.0000000000000000     ) (  0.0000000000000000     ,  0.0000000000000000     ) (  0.0000000000000000     ,  0.0000000000000000     ) (  0.0000000000000000     ,  0.0000000000000000     ) (  0.0000000000000000     ,  0.0000000000000000     ) (  0.0000000000000000     ,  0.0000000000000000     ) (  0.0000000000000000     ,  0.0000000000000000     ) (  0.0000000000000000     ,  0.0000000000000000     ) (  0.0000000000000000     ,  0.0000000000000000     ) (  0.0000000000000000     ,  0.0000000000000000     ) (  0.0000000000000000     ,  0.0000000000000000     ) (  0.0000000000000000     ,  0.0000000000000000     ) (  0.0000000000000000     ,  0.0000000000000000     ) (  0.0000000000000000     ,  0.0000000000000000     ) (  0.0000000000000000     ,  0.0000000000000000     ) (  0.0000000000000000     ,  0.0000000000000000     ) (  2.2360679774997898     ,  0.0000000000000000     ) (  0.0000000000000000     ,  0.0000000000000000     ) (  0.0000000000000000     ,  0.0000000000000000     ) (  4.0000000000000009     ,  0.0000000000000000     ) (  2.4494897427831779     ,  0.0000000000000000     ) (  0.0000000000000000     ,  0.0000000000000000     ) (  0.0000000000000000     ,  0.0000000000000000     ) (  0.0000000000000000     ,  0.0000000000000000     ) (  0.0000000000000000     ,  0.0000000000000000     ) (  0.0000000000000000     ,  0.0000000000000000     ) (  0.0000000000000000     ,  0.0000000000000000     ) (  0.0000000000000000     ,  0.0000000000000000     ) (  0.0000000000000000     ,  0.0000000000000000     ) (  0.0000000000000000     ,  0.0000000000000000     ) (  0.0000000000000000     ,  0.0000000000000000     ) (  0.0000000000000000     ,  0.0000000000000000     ) (  0.0000000000000000     ,  0.0000000000000000     ) (  0.0000000000000000     ,  0.0000000000000000     ) (  0.0000000000000000     ,  0.0000000000000000     ) (  0.0000000000000000     ,  0.0000000000000000     ) (  0.0000000000000000     ,  0.0000000000000000     ) (  0.0000000000000000     ,  0.0000000000000000     ) (  0.0000000000000000     ,  0.0000000000000000     ) (  0.0000000000000000     ,  0.0000000000000000     ) (  0.0000000000000000     ,  0.0000000000000000     ) (  0.0000000000000000     ,  0.0000000000000000     ) (  0.0000000000000000     ,  0.0000000000000000     ) (  0.0000000000000000     ,  0.0000000000000000     ) (  0.0000000000000000     ,  0.0000000000000000     ) (  0.0000000000000000     ,  0.0000000000000000     ) (  0.0000000000000000     ,  0.0000000000000000     ) (  0.0000000000000000     ,  0.0000000000000000     ) (  0.0000000000000000     ,  0.0000000000000000     ) (  0.0000000000000000     ,  0.0000000000000000     ) (  0.0000000000000000     ,  0.0000000000000000     ) (  0.0000000000000000     ,  0.0000000000000000     ) (  0.0000000000000000     ,  0.0000000000000000     ) (  0.0000000000000000     ,  0.0000000000000000     ) (  0.0000000000000000     ,  0.0000000000000000     ) (  0.0000000000000000     ,  0.0000000000000000     ) (  0.0000000000000000     ,  0.0000000000000000     ) (  0.0000000000000000     ,  0.0000000000000000     ) (  0.0000000000000000     ,  0.0000000000000000     ) (  2.4494897427831779     ,  0.0000000000000000     ) (  6.9999999999999991     ,  0.0000000000000000     ) (  0.0000000000000000     ,  0.0000000000000000     ) (  0.0000000000000000     ,  0.0000000000000000     ) (  2.6457513110645907     ,  0.0000000000000000     ) (  0.0000000000000000     ,  0.0000000000000000     ) (  0.0000000000000000     ,  0.0000000000000000     ) (  0.0000000000000000     ,  0.0000000000000000     ) (  0.0000000000000000     ,  0.0000000000000000     ) (  0.0000000000000000     ,  0.0000000000000000     ) (  0.0000000000000000     ,  0.0000000000000000     ) (  0.0000000000000000     ,  0.0000000000000000     ) (  0.0000000000000000     ,  0.0000000000000000     ) (  0.0000000000000000     ,  0.0000000000000000     ) (  0.0000000000000000     ,  0.0000000000000000     ) (  0.0000000000000000     ,  0.0000000000000000     ) (  0.0000000000000000     ,  0.0000000000000000     ) (  0.0000000000000000     ,  0.0000000000000000     ) (  0.0000000000000000     ,  0.0000000000000000     ) (  0.0000000000000000     ,  0.0000000000000000     ) (  0.0000000000000000     ,  0.0000000000000000     ) (  0.0000000000000000     ,  0.0000000000000000     ) (  0.0000000000000000     ,  0.0000000000000000     ) (  0.0000000000000000     ,  0.0000000000000000     ) (  0.0000000000000000     ,  0.0000000000000000     ) (  0.0000000000000000     ,  0.0000000000000000     ) (  0.0000000000000000     ,  0.0000000000000000     ) (  0.0000000000000000     ,  0.0000000000000000     ) (  0.0000000000000000     ,  0.0000000000000000     ) (  0.0000000000000000     ,  0.0000000000000000     ) (  0.0000000000000000     ,  0.0000000000000000     ) (  0.0000000000000000     ,  0.0000000000000000     ) (  0.0000000000000000     ,  0.0000000000000000     ) (  0.0000000000000000     ,  0.0000000000000000     ) (  0.0000000000000000     ,  0.0000000000000000     ) (  0.0000000000000000     ,  0.0000000000000000     ) (  0.0000000000000000     ,  0.0000000000000000     ) (  0.0000000000000000     ,  0.0000000000000000     ) (  0.0000000000000000     ,  0.0000000000000000     ) (  2.4494897427831779     ,  0.0000000000000000     ) (  0.0000000000000000     ,  0.0000000000000000     ) (  0.0000000000000000     ,  0.0000000000000000     ) (  4.9999999999999991     ,  0.0000000000000000     ) (  2.6457513110645907     ,  0.0000000000000000     ) (  0.0000000000000000     ,  0.0000000000000000     ) (  0.0000000000000000     ,  0.0000000000000000     ) (  0.0000000000000000     ,  0.0000000000000000     ) (  0.0000000000000000     ,  0.0000000000000000     ) (  0.0000000000000000     ,  0.0000000000000000     ) (  0.0000000000000000     ,  0.0000000000000000     ) (  0.0000000000000000     ,  0.0000000000000000     ) (  0.0000000000000000     ,  0.0000000000000000     ) (  0.0000000000000000     ,  0.0000000000000000     ) (  0.0000000000000000     ,  0.0000000000000000     ) (  0.0000000000000000     ,  0.0000000000000000     ) (  0.0000000000000000     ,  0.0000000000000000     ) (  0.0000000000000000     ,  0.0000000000000000     ) (  0.0000000000000000     ,  0.0000000000000000     ) (  0.0000000000000000     ,  0.0000000000000000     ) (  0.0000000000000000     ,  0.0000000000000000     ) (  0.0000000000000000     ,  0.0000000000000000     ) (  0.0000000000000000     ,  0.0000000000000000     ) (  0.0000000000000000     ,  0.0000000000000000     ) (  0.0000000000000000     ,  0.0000000000000000     ) (  0.0000000000000000     ,  0.0000000000000000     ) (  0.0000000000000000     ,  0.0000000000000000     ) (  0.0000000000000000     ,  0.0000000000000000     ) (  0.0000000000000000     ,  0.0000000000000000     ) (  0.0000000000000000     ,  0.0000000000000000     ) (  0.0000000000000000     ,  0.0000000000000000     ) (  0.0000000000000000     ,  0.0000000000000000     ) (  0.0000000000000000     ,  0.0000000000000000     ) (  0.0000000000000000     ,  0.0000000000000000     ) (  0.0000000000000000     ,  0.0000000000000000     ) (  0.0000000000000000     ,  0.0000000000000000     ) (  0.0000000000000000     ,  0.0000000000000000     ) (  0.0000000000000000     ,  0.0000000000000000     ) (  0.0000000000000000     ,  0.0000000000000000     ) (  0.0000000000000000     ,  0.0000000000000000     ) (  0.0000000000000000     ,  0.0000000000000000     ) (  0.0000000000000000     ,  0.0000000000000000     ) (  0.0000000000000000     ,  0.0000000000000000     ) (  2.6457513110645907     ,  0.0000000000000000     ) (  8.0000000000000000     ,  0.0000000000000000     ) (  0.0000000000000000     ,  0.0000000000000000     ) (  0.0000000000000000     ,  0.0000000000000000     ) (  2.8284271247461903     ,  0.0000000000000000     ) (  0.0000000000000000     ,  0.0000000000000000     ) (  0.0000000000000000     ,  0.0000000000000000     ) (  0.0000000000000000     ,  0.0000000000000000     ) (  0.0000000000000000     ,  0.0000000000000000     ) (  0.0000000000000000     ,  0.0000000000000000     ) (  0.0000000000000000     ,  0.0000000000000000     ) (  0.0000000000000000     ,  0.0000000000000000     ) (  0.0000000000000000     ,  0.0000000000000000     ) (  0.0000000000000000     ,  0.0000000000000000     ) (  0.0000000000000000     ,  0.0000000000000000     ) (  0.0000000000000000     ,  0.0000000000000000     ) (  0.0000000000000000     ,  0.0000000000000000     ) (  0.0000000000000000     ,  0.0000000000000000     ) (  0.0000000000000000     ,  0.0000000000000000     ) (  0.0000000000000000     ,  0.0000000000000000     ) (  0.0000000000000000     ,  0.0000000000000000     ) (  0.0000000000000000     ,  0.0000000000000000     ) (  0.0000000000000000     ,  0.0000000000000000     ) (  0.0000000000000000     ,  0.0000000000000000     ) (  0.0000000000000000     ,  0.0000000000000000     ) (  0.0000000000000000     ,  0.0000000000000000     ) (  0.0000000000000000     ,  0.0000000000000000     ) (  0.0000000000000000     ,  0.0000000000000000     ) (  0.0000000000000000     ,  0.0000000000000000     ) (  0.0000000000000000     ,  0.0000000000000000     ) (  0.0000000000000000     ,  0.0000000000000000     ) (  0.0000000000000000     ,  0.0000000000000000     ) (  0.0000000000000000     ,  0.0000000000000000     ) (  0.0000000000000000     ,  0.0000000000000000     ) (  0.0000000000000000     ,  0.0000000000000000     ) (  0.0000000000000000     ,  0.0000000000000000     ) (  0.0000000000000000     ,  0.0000000000000000     ) (  0.0000000000000000     ,  0.0000000000000000     ) (  0.0000000000000000     ,  0.0000000000000000     ) (  2.6457513110645907     ,  0.0000000000000000     ) (  0.0000000000000000     ,  0.0000000000000000     ) (  0.0000000000000000     ,  0.0000000000000000     ) (  6.0000000000000009     ,  0.0000000000000000     ) (  2.8284271247461903     ,  0.0000000000000000     ) (  0.0000000000000000     ,  0.0000000000000000     ) (  0.0000000000000000     ,  0.0000000000000000     ) (  0.0000000000000000     ,  0.0000000000000000     ) (  0.0000000000000000     ,  0.0000000000000000     ) (  0.0000000000000000     ,  0.0000000000000000     ) (  0.0000000000000000     ,  0.0000000000000000     ) (  0.0000000000000000     ,  0.0000000000000000     ) (  0.0000000000000000     ,  0.0000000000000000     ) (  0.0000000000000000     ,  0.0000000000000000     ) (  0.0000000000000000     ,  0.0000000000000000     ) (  0.0000000000000000     ,  0.0000000000000000     ) (  0.0000000000000000     ,  0.0000000000000000     ) (  0.0000000000000000     ,  0.0000000000000000     ) (  0.0000000000000000     ,  0.0000000000000000     ) (  0.0000000000000000     ,  0.0000000000000000     ) (  0.0000000000000000     ,  0.0000000000000000     ) (  0.0000000000000000     ,  0.0000000000000000     ) (  0.0000000000000000     ,  0.0000000000000000     ) (  0.0000000000000000     ,  0.0000000000000000     ) (  0.0000000000000000     ,  0.0000000000000000     ) (  0.0000000000000000     ,  0.0000000000000000     ) (  0.0000000000000000     ,  0.0000000000000000     ) (  0.0000000000000000     ,  0.0000000000000000     ) (  0.0000000000000000     ,  0.0000000000000000     ) (  0.0000000000000000     ,  0.0000000000000000     ) (  0.0000000000000000     ,  0.0000000000000000     ) (  0.0000000000000000     ,  0.0000000000000000     ) (  0.0000000000000000     ,  0.0000000000000000     ) (  0.0000000000000000     ,  0.0000000000000000     ) (  0.0000000000000000     ,  0.0000000000000000     ) (  0.0000000000000000     ,  0.0000000000000000     ) (  0.0000000000000000     ,  0.0000000000000000     ) (  0.0000000000000000     ,  0.0000000000000000     ) (  0.0000000000000000     ,  0.0000000000000000     ) (  0.0000000000000000     ,  0.0000000000000000     ) (  0.0000000000000000     ,  0.0000000000000000     ) (  0.0000000000000000     ,  0.0000000000000000     ) (  0.0000000000000000     ,  0.0000000000000000     ) (  2.8284271247461903     ,  0.0000000000000000     ) (  9.0000000000000018     ,  0.0000000000000000     ) (  0.0000000000000000     ,  0.0000000000000000     ) (  0.0000000000000000     ,  0.0000000000000000     ) (  3.0000000000000000     ,  0.0000000000000000     ) (  0.0000000000000000     ,  0.0000000000000000     ) (  0.0000000000000000     ,  0.0000000000000000     ) (  0.0000000000000000     ,  0.0000000000000000     ) (  0.0000000000000000     ,  0.0000000000000000     ) (  0.0000000000000000     ,  0.0000000000000000     ) (  0.0000000000000000     ,  0.0000000000000000     ) (  0.0000000000000000     ,  0.0000000000000000     ) (  0.0000000000000000     ,  0.0000000000000000     ) (  0.0000000000000000     ,  0.0000000000000000     ) (  0.0000000000000000     ,  0.0000000000000000     ) (  0.0000000000000000     ,  0.0000000000000000     ) (  0.0000000000000000     ,  0.0000000000000000     ) (  0.0000000000000000     ,  0.0000000000000000     ) (  0.0000000000000000     ,  0.0000000000000000     ) (  0.0000000000000000     ,  0.0000000000000000     ) (  0.0000000000000000     ,  0.0000000000000000     ) (  0.0000000000000000     ,  0.0000000000000000     ) (  0.0000000000000000     ,  0.0000000000000000     ) (  0.0000000000000000     ,  0.0000000000000000     ) (  0.0000000000000000     ,  0.0000000000000000     ) (  0.0000000000000000     ,  0.0000000000000000     ) (  0.0000000000000000     ,  0.0000000000000000     ) (  0.0000000000000000     ,  0.0000000000000000     ) (  0.0000000000000000     ,  0.0000000000000000     ) (  0.0000000000000000     ,  0.0000000000000000     ) (  0.0000000000000000     ,  0.0000000000000000     ) (  0.0000000000000000     ,  0.0000000000000000     ) (  0.0000000000000000     ,  0.0000000000000000     ) (  0.0000000000000000     ,  0.0000000000000000     ) (  0.0000000000000000     ,  0.0000000000000000     ) (  0.0000000000000000     ,  0.0000000000000000     ) (  0.0000000000000000     ,  0.0000000000000000     ) (  0.0000000000000000     ,  0.0000000000000000     ) (  0.0000000000000000     ,  0.0000000000000000     ) (  2.8284271247461903     ,  0.0000000000000000     ) (  0.0000000000000000     ,  0.0000000000000000     ) (  0.0000000000000000     ,  0.0000000000000000     ) (  7.0000000000000018     ,  0.0000000000000000     ) (  3.0000000000000000     ,  0.0000000000000000     ) (  0.0000000000000000     ,  0.0000000000000000     ) (  0.0000000000000000     ,  0.0000000000000000     ) (  0.0000000000000000     ,  0.0000000000000000     ) (  0.0000000000000000     ,  0.0000000000000000     ) (  0.0000000000000000     ,  0.0000000000000000     ) (  0.0000000000000000     ,  0.0000000000000000     ) (  0.0000000000000000     ,  0.0000000000000000     ) (  0.0000000000000000     ,  0.0000000000000000     ) (  0.0000000000000000     ,  0.0000000000000000     ) (  0.0000000000000000     ,  0.0000000000000000     ) (  0.0000000000000000     ,  0.0000000000000000     ) (  0.0000000000000000     ,  0.0000000000000000     ) (  0.0000000000000000     ,  0.0000000000000000     ) (  0.0000000000000000     ,  0.0000000000000000     ) (  0.0000000000000000     ,  0.0000000000000000     ) (  0.0000000000000000     ,  0.0000000000000000     ) (  0.0000000000000000     ,  0.0000000000000000     ) (  0.0000000000000000     ,  0.0000000000000000     ) (  0.0000000000000000     ,  0.0000000000000000     ) (  0.0000000000000000     ,  0.0000000000000000     ) (  0.0000000000000000     ,  0.0000000000000000     ) (  0.0000000000000000     ,  0.0000000000000000     ) (  0.0000000000000000     ,  0.0000000000000000     ) (  0.0000000000000000     ,  0.0000000000000000     ) (  0.0000000000000000     ,  0.0000000000000000     ) (  0.0000000000000000     ,  0.0000000000000000     ) (  0.0000000000000000     ,  0.0000000000000000     ) (  0.0000000000000000     ,  0.0000000000000000     ) (  0.0000000000000000     ,  0.0000000000000000     ) (  0.0000000000000000     ,  0.0000000000000000     ) (  0.0000000000000000     ,  0.0000000000000000     ) (  0.0000000000000000     ,  0.0000000000000000     ) (  0.0000000000000000     ,  0.0000000000000000     ) (  0.0000000000000000     ,  0.0000000000000000     ) (  0.0000000000000000     ,  0.0000000000000000     ) (  0.0000000000000000     ,  0.0000000000000000     ) (  0.0000000000000000     ,  0.0000000000000000     ) (  0.0000000000000000     ,  0.0000000000000000     ) (  3.0000000000000000     ,  0.0000000000000000     ) (  10.000000000000000     ,  0.0000000000000000     ) (  0.0000000000000000     ,  0.0000000000000000     ) (  0.0000000000000000     ,  0.0000000000000000     ) (  3.1622776601683795     ,  0.0000000000000000     ) (  0.0000000000000000     ,  0.0000000000000000     ) (  0.0000000000000000     ,  0.0000000000000000     ) (  0.0000000000000000     ,  0.0000000000000000     ) (  0.0000000000000000     ,  0.0000000000000000     ) (  0.0000000000000000     ,  0.0000000000000000     ) (  0.0000000000000000     ,  0.0000000000000000     ) (  0.0000000000000000     ,  0.0000000000000000     ) (  0.0000000000000000     ,  0.0000000000000000     ) (  0.0000000000000000     ,  0.0000000000000000     ) (  0.0000000000000000     ,  0.0000000000000000     ) (  0.0000000000000000     ,  0.0000000000000000     ) (  0.0000000000000000     ,  0.0000000000000000     ) (  0.0000000000000000     ,  0.0000000000000000     ) (  0.0000000000000000     ,  0.0000000000000000     ) (  0.0000000000000000     ,  0.0000000000000000     ) (  0.0000000000000000     ,  0.0000000000000000     ) (  0.0000000000000000     ,  0.0000000000000000     ) (  0.0000000000000000     ,  0.0000000000000000     ) (  0.0000000000000000     ,  0.0000000000000000     ) (  0.0000000000000000     ,  0.0000000000000000     ) (  0.0000000000000000     ,  0.0000000000000000     ) (  0.0000000000000000     ,  0.0000000000000000     ) (  0.0000000000000000     ,  0.0000000000000000     ) (  0.0000000000000000     ,  0.0000000000000000     ) (  0.0000000000000000     ,  0.0000000000000000     ) (  0.0000000000000000     ,  0.0000000000000000     ) (  0.0000000000000000     ,  0.0000000000000000     ) (  0.0000000000000000     ,  0.0000000000000000     ) (  0.0000000000000000     ,  0.0000000000000000     ) (  0.0000000000000000     ,  0.0000000000000000     ) (  0.0000000000000000     ,  0.0000000000000000     ) (  0.0000000000000000     ,  0.0000000000000000     ) (  0.0000000000000000     ,  0.0000000000000000     ) (  0.0000000000000000     ,  0.0000000000000000     ) (  3.0000000000000000     ,  0.0000000000000000     ) (  0.0000000000000000     ,  0.0000000000000000     ) (  0.0000000000000000     ,  0.0000000000000000     ) (  8.0000000000000000     ,  0.0000000000000000     ) (  3.1622776601683795     ,  0.0000000000000000     ) (  0.0000000000000000     ,  0.0000000000000000     ) (  0.0000000000000000     ,  0.0000000000000000     ) (  0.0000000000000000     ,  0.0000000000000000     ) (  0.0000000000000000     ,  0.0000000000000000     ) (  0.0000000000000000     ,  0.0000000000000000     ) (  0.0000000000000000     ,  0.0000000000000000     ) (  0.0000000000000000     ,  0.0000000000000000     ) (  0.0000000000000000     ,  0.0000000000000000     ) (  0.0000000000000000     ,  0.0000000000000000     ) (  0.0000000000000000     ,  0.0000000000000000     ) (  0.0000000000000000     ,  0.0000000000000000     ) (  0.0000000000000000     ,  0.0000000000000000     ) (  0.0000000000000000     ,  0.0000000000000000     ) (  0.0000000000000000     ,  0.0000000000000000     ) (  0.0000000000000000     ,  0.0000000000000000     ) (  0.0000000000000000     ,  0.0000000000000000     ) (  0.0000000000000000     ,  0.0000000000000000     ) (  0.0000000000000000     ,  0.0000000000000000     ) (  0.0000000000000000     ,  0.0000000000000000     ) (  0.0000000000000000     ,  0.0000000000000000     ) (  0.0000000000000000     ,  0.0000000000000000     ) (  0.0000000000000000     ,  0.0000000000000000     ) (  0.0000000000000000     ,  0.0000000000000000     ) (  0.0000000000000000     ,  0.0000000000000000     ) (  0.0000000000000000     ,  0.0000000000000000     ) (  0.0000000000000000     ,  0.0000000000000000     ) (  0.0000000000000000     ,  0.0000000000000000     ) (  0.0000000000000000     ,  0.0000000000000000     ) (  0.0000000000000000     ,  0.0000000000000000     ) (  0.0000000000000000     ,  0.0000000000000000     ) (  0.0000000000000000     ,  0.0000000000000000     ) (  0.0000000000000000     ,  0.0000000000000000     ) (  0.0000000000000000     ,  0.0000000000000000     ) (  0.0000000000000000     ,  0.0000000000000000     ) (  0.0000000000000000     ,  0.0000000000000000     ) (  0.0000000000000000     ,  0.0000000000000000     ) (  0.0000000000000000     ,  0.0000000000000000     ) (  0.0000000000000000     ,  0.0000000000000000     ) (  3.1622776601683795     ,  0.0000000000000000     ) (  11.000000000000002     ,  0.0000000000000000     ) (  0.0000000000000000     ,  0.0000000000000000     ) (  0.0000000000000000     ,  0.0000000000000000     ) (  3.3166247903553998     ,  0.0000000000000000     ) (  0.0000000000000000     ,  0.0000000000000000     ) (  0.0000000000000000     ,  0.0000000000000000     ) (  0.0000000000000000     ,  0.0000000000000000     ) (  0.0000000000000000     ,  0.0000000000000000     ) (  0.0000000000000000     ,  0.0000000000000000     ) (  0.0000000000000000     ,  0.0000000000000000     ) (  0.0000000000000000     ,  0.0000000000000000     ) (  0.0000000000000000     ,  0.0000000000000000     ) (  0.0000000000000000     ,  0.0000000000000000     ) (  0.0000000000000000     ,  0.0000000000000000     ) (  0.0000000000000000     ,  0.0000000000000000     ) (  0.0000000000000000     ,  0.0000000000000000     ) (  0.0000000000000000     ,  0.0000000000000000     ) (  0.0000000000000000     ,  0.0000000000000000     ) (  0.0000000000000000     ,  0.0000000000000000     ) (  0.0000000000000000     ,  0.0000000000000000     ) (  0.0000000000000000     ,  0.0000000000000000     ) (  0.0000000000000000     ,  0.0000000000000000     ) (  0.0000000000000000     ,  0.0000000000000000     ) (  0.0000000000000000     ,  0.0000000000000000     ) (  0.0000000000000000     ,  0.0000000000000000     ) (  0.0000000000000000     ,  0.0000000000000000     ) (  0.0000000000000000     ,  0.0000000000000000     ) (  0.0000000000000000     ,  0.0000000000000000     ) (  0.0000000000000000     ,  0.0000000000000000     ) (  0.0000000000000000     ,  0.0000000000000000     ) (  0.0000000000000000     ,  0.0000000000000000     ) (  0.0000000000000000     ,  0.0000000000000000     ) (  0.0000000000000000     ,  0.0000000000000000     ) (  0.0000000000000000     ,  0.0000000000000000     ) (  0.0000000000000000     ,  0.0000000000000000     ) (  0.0000000000000000     ,  0.0000000000000000     ) (  0.0000000000000000     ,  0.0000000000000000     ) (  0.0000000000000000     ,  0.0000000000000000     ) (  3.1622776601683795     ,  0.0000000000000000     ) (  0.0000000000000000     ,  0.0000000000000000     ) (  0.0000000000000000     ,  0.0000000000000000     ) (  9.0000000000000018     ,  0.0000000000000000     ) (  3.3166247903553998     ,  0.0000000000000000     ) (  0.0000000000000000     ,  0.0000000000000000     ) (  0.0000000000000000     ,  0.0000000000000000     ) (  0.0000000000000000     ,  0.0000000000000000     ) (  0.0000000000000000     ,  0.0000000000000000     ) (  0.0000000000000000     ,  0.0000000000000000     ) (  0.0000000000000000     ,  0.0000000000000000     ) (  0.0000000000000000     ,  0.0000000000000000     ) (  0.0000000000000000     ,  0.0000000000000000     ) (  0.0000000000000000     ,  0.0000000000000000     ) (  0.0000000000000000     ,  0.0000000000000000     ) (  0.0000000000000000     ,  0.0000000000000000     ) (  0.0000000000000000     ,  0.0000000000000000     ) (  0.0000000000000000     ,  0.0000000000000000     ) (  0.0000000000000000     ,  0.0000000000000000     ) (  0.0000000000000000     ,  0.0000000000000000     ) (  0.0000000000000000     ,  0.0000000000000000     ) (  0.0000000000000000     ,  0.0000000000000000     ) (  0.0000000000000000     ,  0.0000000000000000     ) (  0.0000000000000000     ,  0.0000000000000000     ) (  0.0000000000000000     ,  0.0000000000000000     ) (  0.0000000000000000     ,  0.0000000000000000     ) (  0.0000000000000000     ,  0.0000000000000000     ) (  0.0000000000000000     ,  0.0000000000000000     ) (  0.0000000000000000     ,  0.0000000000000000     ) (  0.0000000000000000     ,  0.0000000000000000     ) (  0.0000000000000000     ,  0.0000000000000000     ) (  0.0000000000000000     ,  0.0000000000000000     ) (  0.0000000000000000     ,  0.0000000000000000     ) (  0.0000000000000000     ,  0.0000000000000000     ) (  0.0000000000000000     ,  0.0000000000000000     ) (  0.0000000000000000     ,  0.0000000000000000     ) (  0.0000000000000000     ,  0.0000000000000000     ) (  0.0000000000000000     ,  0.0000000000000000     ) (  0.0000000000000000     ,  0.0000000000000000     ) (  0.0000000000000000     ,  0.0000000000000000     ) (  0.0000000000000000     ,  0.0000000000000000     ) (  0.0000000000000000     ,  0.0000000000000000     ) (  0.0000000000000000     ,  0.0000000000000000     ) (  3.3166247903553998     ,  0.0000000000000000     ) (  12.000000000000000     ,  0.0000000000000000     ) (  0.0000000000000000     ,  0.0000000000000000     ) (  0.0000000000000000     ,  0.0000000000000000     ) (  3.4641016151377544     ,  0.0000000000000000     ) (  0.0000000000000000     ,  0.0000000000000000     ) (  0.0000000000000000     ,  0.0000000000000000     ) (  0.0000000000000000     ,  0.0000000000000000     ) (  0.0000000000000000     ,  0.0000000000000000     ) (  0.0000000000000000     ,  0.0000000000000000     ) (  0.0000000000000000     ,  0.0000000000000000     ) (  0.0000000000000000     ,  0.0000000000000000     ) (  0.0000000000000000     ,  0.0000000000000000     ) (  0.0000000000000000     ,  0.0000000000000000     ) (  0.0000000000000000     ,  0.0000000000000000     ) (  0.0000000000000000     ,  0.0000000000000000     ) (  0.0000000000000000     ,  0.0000000000000000     ) (  0.0000000000000000     ,  0.0000000000000000     ) (  0.0000000000000000     ,  0.0000000000000000     ) (  0.0000000000000000     ,  0.0000000000000000     ) (  0.0000000000000000     ,  0.0000000000000000     ) (  0.0000000000000000     ,  0.0000000000000000     ) (  0.0000000000000000     ,  0.0000000000000000     ) (  0.0000000000000000     ,  0.0000000000000000     ) (  0.0000000000000000     ,  0.0000000000000000     ) (  0.0000000000000000     ,  0.0000000000000000     ) (  0.0000000000000000     ,  0.0000000000000000     ) (  0.0000000000000000     ,  0.0000000000000000     ) (  0.0000000000000000     ,  0.0000000000000000     ) (  0.0000000000000000     ,  0.0000000000000000     ) (  0.0000000000000000     ,  0.0000000000000000     ) (  0.0000000000000000     ,  0.0000000000000000     ) (  0.0000000000000000     ,  0.0000000000000000     ) (  0.0000000000000000     ,  0.0000000000000000     ) (  0.0000000000000000     ,  0.0000000000000000     ) (  0.0000000000000000     ,  0.0000000000000000     ) (  0.0000000000000000     ,  0.0000000000000000     ) (  0.0000000000000000     ,  0.0000000000000000     ) (  0.0000000000000000     ,  0.0000000000000000     ) (  3.3166247903553998     ,  0.0000000000000000     ) (  0.0000000000000000     ,  0.0000000000000000     ) (  0.0000000000000000     ,  0.0000000000000000     ) (  10.000000000000000     ,  0.0000000000000000     ) (  3.4641016151377544     ,  0.0000000000000000     ) (  0.0000000000000000     ,  0.0000000000000000     ) (  0.0000000000000000     ,  0.0000000000000000     ) (  0.0000000000000000     ,  0.0000000000000000     ) (  0.0000000000000000     ,  0.0000000000000000     ) (  0.0000000000000000     ,  0.0000000000000000     ) (  0.0000000000000000     ,  0.0000000000000000     ) (  0.0000000000000000     ,  0.0000000000000000     ) (  0.0000000000000000     ,  0.0000000000000000     ) (  0.0000000000000000     ,  0.0000000000000000     ) (  0.0000000000000000     ,  0.0000000000000000     ) (  0.0000000000000000     ,  0.0000000000000000     ) (  0.0000000000000000     ,  0.0000000000000000     ) (  0.0000000000000000     ,  0.0000000000000000     ) (  0.0000000000000000     ,  0.0000000000000000     ) (  0.0000000000000000     ,  0.0000000000000000     ) (  0.0000000000000000     ,  0.0000000000000000     ) (  0.0000000000000000     ,  0.0000000000000000     ) (  0.0000000000000000     ,  0.0000000000000000     ) (  0.0000000000000000     ,  0.0000000000000000     ) (  0.0000000000000000     ,  0.0000000000000000     ) (  0.0000000000000000     ,  0.0000000000000000     ) (  0.0000000000000000     ,  0.0000000000000000     ) (  0.0000000000000000     ,  0.0000000000000000     ) (  0.0000000000000000     ,  0.0000000000000000     ) (  0.0000000000000000     ,  0.0000000000000000     ) (  0.0000000000000000     ,  0.0000000000000000     ) (  0.0000000000000000     ,  0.0000000000000000     ) (  0.0000000000000000     ,  0.0000000000000000     ) (  0.0000000000000000     ,  0.0000000000000000     ) (  0.0000000000000000     ,  0.0000000000000000     ) (  0.0000000000000000     ,  0.0000000000000000     ) (  0.0000000000000000     ,  0.0000000000000000     ) (  0.0000000000000000     ,  0.0000000000000000     ) (  0.0000000000000000     ,  0.0000000000000000     ) (  0.0000000000000000     ,  0.0000000000000000     ) (  0.0000000000000000     ,  0.0000000000000000     ) (  0.0000000000000000     ,  0.0000000000000000     ) (  0.0000000000000000     ,  0.0000000000000000     ) (  3.4641016151377544     ,  0.0000000000000000     ) (  12.999999999999998     ,  0.0000000000000000     ) (  0.0000000000000000     ,  0.0000000000000000     ) (  0.0000000000000000     ,  0.0000000000000000     ) (  3.6055512754639891     ,  0.0000000000000000     ) (  0.0000000000000000     ,  0.0000000000000000     ) (  0.0000000000000000     ,  0.0000000000000000     ) (  0.0000000000000000     ,  0.0000000000000000     ) (  0.0000000000000000     ,  0.0000000000000000     ) (  0.0000000000000000     ,  0.0000000000000000     ) (  0.0000000000000000     ,  0.0000000000000000     ) (  0.0000000000000000     ,  0.0000000000000000     ) (  0.0000000000000000     ,  0.0000000000000000     ) (  0.0000000000000000     ,  0.0000000000000000     ) (  0.0000000000000000     ,  0.0000000000000000     ) (  0.0000000000000000     ,  0.0000000000000000     ) (  0.0000000000000000     ,  0.0000000000000000     ) (  0.0000000000000000     ,  0.0000000000000000     ) (  0.0000000000000000     ,  0.0000000000000000     ) (  0.0000000000000000     ,  0.0000000000000000     ) (  0.0000000000000000     ,  0.0000000000000000     ) (  0.0000000000000000     ,  0.0000000000000000     ) (  0.0000000000000000     ,  0.0000000000000000     ) (  0.0000000000000000     ,  0.0000000000000000     ) (  0.0000000000000000     ,  0.0000000000000000     ) (  0.0000000000000000     ,  0.0000000000000000     ) (  0.0000000000000000     ,  0.0000000000000000     ) (  0.0000000000000000     ,  0.0000000000000000     ) (  0.0000000000000000     ,  0.0000000000000000     ) (  0.0000000000000000     ,  0.0000000000000000     ) (  0.0000000000000000     ,  0.0000000000000000     ) (  0.0000000000000000     ,  0.0000000000000000     ) (  0.0000000000000000     ,  0.0000000000000000     ) (  0.0000000000000000     ,  0.0000000000000000     ) (  0.0000000000000000     ,  0.0000000000000000     ) (  0.0000000000000000     ,  0.0000000000000000     ) (  0.0000000000000000     ,  0.0000000000000000     ) (  0.0000000000000000     ,  0.0000000000000000     ) (  0.0000000000000000     ,  0.0000000000000000     ) (  3.4641016151377544     ,  0.0000000000000000     ) (  0.0000000000000000     ,  0.0000000000000000     ) (  0.0000000000000000     ,  0.0000000000000000     ) (  10.999999999999998     ,  0.0000000000000000     ) (  3.6055512754639891     ,  0.0000000000000000     ) (  0.0000000000000000     ,  0.0000000000000000     ) (  0.0000000000000000     ,  0.0000000000000000     ) (  0.0000000000000000     ,  0.0000000000000000     ) (  0.0000000000000000     ,  0.0000000000000000     ) (  0.0000000000000000     ,  0.0000000000000000     ) (  0.0000000000000000     ,  0.0000000000000000     ) (  0.0000000000000000     ,  0.0000000000000000     ) (  0.0000000000000000     ,  0.0000000000000000     ) (  0.0000000000000000     ,  0.0000000000000000     ) (  0.0000000000000000     ,  0.0000000000000000     ) (  0.0000000000000000     ,  0.0000000000000000     ) (  0.0000000000000000     ,  0.0000000000000000     ) (  0.0000000000000000     ,  0.0000000000000000     ) (  0.0000000000000000     ,  0.0000000000000000     ) (  0.0000000000000000     ,  0.0000000000000000     ) (  0.0000000000000000     ,  0.0000000000000000     ) (  0.0000000000000000     ,  0.0000000000000000     ) (  0.0000000000000000     ,  0.0000000000000000     ) (  0.0000000000000000     ,  0.0000000000000000     ) (  0.0000000000000000     ,  0.0000000000000000     ) (  0.0000000000000000     ,  0.0000000000000000     ) (  0.0000000000000000     ,  0.0000000000000000     ) (  0.0000000000000000     ,  0.0000000000000000     ) (  0.0000000000000000     ,  0.0000000000000000     ) (  0.0000000000000000     ,  0.0000000000000000     ) (  0.0000000000000000     ,  0.0000000000000000     ) (  0.0000000000000000     ,  0.0000000000000000     ) (  0.0000000000000000     ,  0.0000000000000000     ) (  0.0000000000000000     ,  0.0000000000000000     ) (  0.0000000000000000     ,  0.0000000000000000     ) (  0.0000000000000000     ,  0.0000000000000000     ) (  0.0000000000000000     ,  0.0000000000000000     ) (  0.0000000000000000     ,  0.0000000000000000     ) (  0.0000000000000000     ,  0.0000000000000000     ) (  0.0000000000000000     ,  0.0000000000000000     ) (  0.0000000000000000     ,  0.0000000000000000     ) (  0.0000000000000000     ,  0.0000000000000000     ) (  0.0000000000000000     ,  0.0000000000000000     ) (  3.6055512754639891     ,  0.0000000000000000     ) (  13.999999999999998     ,  0.0000000000000000     ) (  0.0000000000000000     ,  0.0000000000000000     ) (  0.0000000000000000     ,  0.0000000000000000     ) (  3.7416573867739413     ,  0.0000000000000000     ) (  0.0000000000000000     ,  0.0000000000000000     ) (  0.0000000000000000     ,  0.0000000000000000     ) (  0.0000000000000000     ,  0.0000000000000000     ) (  0.0000000000000000     ,  0.0000000000000000     ) (  0.0000000000000000     ,  0.0000000000000000     ) (  0.0000000000000000     ,  0.0000000000000000     ) (  0.0000000000000000     ,  0.0000000000000000     ) (  0.0000000000000000     ,  0.0000000000000000     ) (  0.0000000000000000     ,  0.0000000000000000     ) (  0.0000000000000000     ,  0.0000000000000000     ) (  0.0000000000000000     ,  0.0000000000000000     ) (  0.0000000000000000     ,  0.0000000000000000     ) (  0.0000000000000000     ,  0.0000000000000000     ) (  0.0000000000000000     ,  0.0000000000000000     ) (  0.0000000000000000     ,  0.0000000000000000     ) (  0.0000000000000000     ,  0.0000000000000000     ) (  0.0000000000000000     ,  0.0000000000000000     ) (  0.0000000000000000     ,  0.0000000000000000     ) (  0.0000000000000000     ,  0.0000000000000000     ) (  0.0000000000000000     ,  0.0000000000000000     ) (  0.0000000000000000     ,  0.0000000000000000     ) (  0.0000000000000000     ,  0.0000000000000000     ) (  0.0000000000000000     ,  0.0000000000000000     ) (  0.0000000000000000     ,  0.0000000000000000     ) (  0.0000000000000000     ,  0.0000000000000000     ) (  0.0000000000000000     ,  0.0000000000000000     ) (  0.0000000000000000     ,  0.0000000000000000     ) (  0.0000000000000000     ,  0.0000000000000000     ) (  0.0000000000000000     ,  0.0000000000000000     ) (  0.0000000000000000     ,  0.0000000000000000     ) (  0.0000000000000000     ,  0.0000000000000000     ) (  0.0000000000000000     ,  0.0000000000000000     ) (  0.0000000000000000     ,  0.0000000000000000     ) (  0.0000000000000000     ,  0.0000000000000000     ) (  3.6055512754639891     ,  0.0000000000000000     ) (  0.0000000000000000     ,  0.0000000000000000     ) (  0.0000000000000000     ,  0.0000000000000000     ) (  11.999999999999998     ,  0.0000000000000000     ) (  3.7416573867739413     ,  0.0000000000000000     ) (  0.0000000000000000     ,  0.0000000000000000     ) (  0.0000000000000000     ,  0.0000000000000000     ) (  0.0000000000000000     ,  0.0000000000000000     ) (  0.0000000000000000     ,  0.0000000000000000     ) (  0.0000000000000000     ,  0.0000000000000000     ) (  0.0000000000000000     ,  0.0000000000000000     ) (  0.0000000000000000     ,  0.0000000000000000     ) (  0.0000000000000000     ,  0.0000000000000000     ) (  0.0000000000000000     ,  0.0000000000000000     ) (  0.0000000000000000     ,  0.0000000000000000     ) (  0.0000000000000000     ,  0.0000000000000000     ) (  0.0000000000000000     ,  0.0000000000000000     ) (  0.0000000000000000     ,  0.0000000000000000     ) (  0.0000000000000000     ,  0.0000000000000000     ) (  0.0000000000000000     ,  0.0000000000000000     ) (  0.0000000000000000     ,  0.0000000000000000     ) (  0.0000000000000000     ,  0.0000000000000000     ) (  0.0000000000000000     ,  0.0000000000000000     ) (  0.0000000000000000     ,  0.0000000000000000     ) (  0.0000000000000000     ,  0.0000000000000000     ) (  0.0000000000000000     ,  0.0000000000000000     ) (  0.0000000000000000     ,  0.0000000000000000     ) (  0.0000000000000000     ,  0.0000000000000000     ) (  0.0000000000000000     ,  0.0000000000000000     ) (  0.0000000000000000     ,  0.0000000000000000     ) (  0.0000000000000000     ,  0.0000000000000000     ) (  0.0000000000000000     ,  0.0000000000000000     ) (  0.0000000000000000     ,  0.0000000000000000     ) (  0.0000000000000000     ,  0.0000000000000000     ) (  0.0000000000000000     ,  0.0000000000000000     ) (  0.0000000000000000     ,  0.0000000000000000     ) (  0.0000000000000000     ,  0.0000000000000000     ) (  0.0000000000000000     ,  0.0000000000000000     ) (  0.0000000000000000     ,  0.0000000000000000     ) (  0.0000000000000000     ,  0.0000000000000000     ) (  0.0000000000000000     ,  0.0000000000000000     ) (  0.0000000000000000     ,  0.0000000000000000     ) (  0.0000000000000000     ,  0.0000000000000000     ) (  3.7416573867739413     ,  0.0000000000000000     ) (  15.000000000000000     ,  0.0000000000000000     ) (  0.0000000000000000     ,  0.0000000000000000     ) (  0.0000000000000000     ,  0.0000000000000000     ) (  3.8729833462074170     ,  0.0000000000000000     ) (  0.0000000000000000     ,  0.0000000000000000     ) (  0.0000000000000000     ,  0.0000000000000000     ) (  0.0000000000000000     ,  0.0000000000000000     ) (  0.0000000000000000     ,  0.0000000000000000     ) (  0.0000000000000000     ,  0.0000000000000000     ) (  0.0000000000000000     ,  0.0000000000000000     ) (  0.0000000000000000     ,  0.0000000000000000     ) (  0.0000000000000000     ,  0.0000000000000000     ) (  0.0000000000000000     ,  0.0000000000000000     ) (  0.0000000000000000     ,  0.0000000000000000     ) (  0.0000000000000000     ,  0.0000000000000000     ) (  0.0000000000000000     ,  0.0000000000000000     ) (  0.0000000000000000     ,  0.0000000000000000     ) (  0.0000000000000000     ,  0.0000000000000000     ) (  0.0000000000000000     ,  0.0000000000000000     ) (  0.0000000000000000     ,  0.0000000000000000     ) (  0.0000000000000000     ,  0.0000000000000000     ) (  0.0000000000000000     ,  0.0000000000000000     ) (  0.0000000000000000     ,  0.0000000000000000     ) (  0.0000000000000000     ,  0.0000000000000000     ) (  0.0000000000000000     ,  0.0000000000000000     ) (  0.0000000000000000     ,  0.0000000000000000     ) (  0.0000000000000000     ,  0.0000000000000000     ) (  0.0000000000000000     ,  0.0000000000000000     ) (  0.0000000000000000     ,  0.0000000000000000     ) (  0.0000000000000000     ,  0.0000000000000000     ) (  0.0000000000000000     ,  0.0000000000000000     ) (  0.0000000000000000     ,  0.0000000000000000     ) (  0.0000000000000000     ,  0.0000000000000000     ) (  0.0000000000000000     ,  0.0000000000000000     ) (  0.0000000000000000     ,  0.0000000000000000     ) (  0.0000000000000000     ,  0.0000000000000000     ) (  0.0000000000000000     ,  0.0000000000000000     ) (  0.0000000000000000     ,  0.0000000000000000     ) (  3.7416573867739413     ,  0.0000000000000000     ) (  0.0000000000000000     ,  0.0000000000000000     ) (  0.0000000000000000     ,  0.0000000000000000     ) (  13.000000000000000     ,  0.0000000000000000     ) (  3.8729833462074170     ,  0.0000000000000000     ) (  0.0000000000000000     ,  0.0000000000000000     ) (  0.0000000000000000     ,  0.0000000000000000     ) (  0.0000000000000000     ,  0.0000000000000000     ) (  0.0000000000000000     ,  0.0000000000000000     ) (  0.0000000000000000     ,  0.0000000000000000     ) (  0.0000000000000000     ,  0.0000000000000000     ) (  0.0000000000000000     ,  0.0000000000000000     ) (  0.0000000000000000     ,  0.0000000000000000     ) (  0.0000000000000000     ,  0.0000000000000000     ) (  0.0000000000000000     ,  0.0000000000000000     ) (  0.0000000000000000     ,  0.0000000000000000     ) (  0.0000000000000000     ,  0.0000000000000000     ) (  0.0000000000000000     ,  0.0000000000000000     ) (  0.0000000000000000     ,  0.0000000000000000     ) (  0.0000000000000000     ,  0.0000000000000000     ) (  0.0000000000000000     ,  0.0000000000000000     ) (  0.0000000000000000     ,  0.0000000000000000     ) (  0.0000000000000000     ,  0.0000000000000000     ) (  0.0000000000000000     ,  0.0000000000000000     ) (  0.0000000000000000     ,  0.0000000000000000     ) (  0.0000000000000000     ,  0.0000000000000000     ) (  0.0000000000000000     ,  0.0000000000000000     ) (  0.0000000000000000     ,  0.0000000000000000     ) (  0.0000000000000000     ,  0.0000000000000000     ) (  0.0000000000000000     ,  0.0000000000000000     ) (  0.0000000000000000     ,  0.0000000000000000     ) (  0.0000000000000000     ,  0.0000000000000000     ) (  0.0000000000000000     ,  0.0000000000000000     ) (  0.0000000000000000     ,  0.0000000000000000     ) (  0.0000000000000000     ,  0.0000000000000000     ) (  0.0000000000000000     ,  0.0000000000000000     ) (  0.0000000000000000     ,  0.0000000000000000     ) (  0.0000000000000000     ,  0.0000000000000000     ) (  0.0000000000000000     ,  0.0000000000000000     ) (  0.0000000000000000     ,  0.0000000000000000     ) (  0.0000000000000000     ,  0.0000000000000000     ) (  0.0000000000000000     ,  0.0000000000000000     ) (  0.0000000000000000     ,  0.0000000000000000     ) (  3.8729833462074170     ,  0.0000000000000000     ) (  16.000000000000000     ,  0.0000000000000000     ) (  0.0000000000000000     ,  0.0000000000000000     ) (  0.0000000000000000     ,  0.0000000000000000     ) (  4.0000000000000000     ,  0.0000000000000000     ) (  0.0000000000000000     ,  0.0000000000000000     ) (  0.0000000000000000     ,  0.0000000000000000     ) (  0.0000000000000000     ,  0.0000000000000000     ) (  0.0000000000000000     ,  0.0000000000000000     ) (  0.0000000000000000     ,  0.0000000000000000     ) (  0.0000000000000000     ,  0.0000000000000000     ) (  0.0000000000000000     ,  0.0000000000000000     ) (  0.0000000000000000     ,  0.0000000000000000     ) (  0.0000000000000000     ,  0.0000000000000000     ) (  0.0000000000000000     ,  0.0000000000000000     ) (  0.0000000000000000     ,  0.0000000000000000     ) (  0.0000000000000000     ,  0.0000000000000000     ) (  0.0000000000000000     ,  0.0000000000000000     ) (  0.0000000000000000     ,  0.0000000000000000     ) (  0.0000000000000000     ,  0.0000000000000000     ) (  0.0000000000000000     ,  0.0000000000000000     ) (  0.0000000000000000     ,  0.0000000000000000     ) (  0.0000000000000000     ,  0.0000000000000000     ) (  0.0000000000000000     ,  0.0000000000000000     ) (  0.0000000000000000     ,  0.0000000000000000     ) (  0.0000000000000000     ,  0.0000000000000000     ) (  0.0000000000000000     ,  0.0000000000000000     ) (  0.0000000000000000     ,  0.0000000000000000     ) (  0.0000000000000000     ,  0.0000000000000000     ) (  0.0000000000000000     ,  0.0000000000000000     ) (  0.0000000000000000     ,  0.0000000000000000     ) (  0.0000000000000000     ,  0.0000000000000000     ) (  0.0000000000000000     ,  0.0000000000000000     ) (  0.0000000000000000     ,  0.0000000000000000     ) (  0.0000000000000000     ,  0.0000000000000000     ) (  0.0000000000000000     ,  0.0000000000000000     ) (  0.0000000000000000     ,  0.0000000000000000     ) (  0.0000000000000000     ,  0.0000000000000000     ) (  0.0000000000000000     ,  0.0000000000000000     ) (  3.8729833462074170     ,  0.0000000000000000     ) (  0.0000000000000000     ,  0.0000000000000000     ) (  0.0000000000000000     ,  0.0000000000000000     ) (  14.000000000000002     ,  0.0000000000000000     ) (  4.0000000000000000     ,  0.0000000000000000     ) (  0.0000000000000000     ,  0.0000000000000000     ) (  0.0000000000000000     ,  0.0000000000000000     ) (  0.0000000000000000     ,  0.0000000000000000     ) (  0.0000000000000000     ,  0.0000000000000000     ) (  0.0000000000000000     ,  0.0000000000000000     ) (  0.0000000000000000     ,  0.0000000000000000     ) (  0.0000000000000000     ,  0.0000000000000000     ) (  0.0000000000000000     ,  0.0000000000000000     ) (  0.0000000000000000     ,  0.0000000000000000     ) (  0.0000000000000000     ,  0.0000000000000000     ) (  0.0000000000000000     ,  0.0000000000000000     ) (  0.0000000000000000     ,  0.0000000000000000     ) (  0.0000000000000000     ,  0.0000000000000000     ) (  0.0000000000000000     ,  0.0000000000000000     ) (  0.0000000000000000     ,  0.0000000000000000     ) (  0.0000000000000000     ,  0.0000000000000000     ) (  0.0000000000000000     ,  0.0000000000000000     ) (  0.0000000000000000     ,  0.0000000000000000     ) (  0.0000000000000000     ,  0.0000000000000000     ) (  0.0000000000000000     ,  0.0000000000000000     ) (  0.0000000000000000     ,  0.0000000000000000     ) (  0.0000000000000000     ,  0.0000000000000000     ) (  0.0000000000000000     ,  0.0000000000000000     ) (  0.0000000000000000     ,  0.0000000000000000     ) (  0.0000000000000000     ,  0.0000000000000000     ) (  0.0000000000000000     ,  0.0000000000000000     ) (  0.0000000000000000     ,  0.0000000000000000     ) (  0.0000000000000000     ,  0.0000000000000000     ) (  0.0000000000000000     ,  0.0000000000000000     ) (  0.0000000000000000     ,  0.0000000000000000     ) (  0.0000000000000000     ,  0.0000000000000000     ) (  0.0000000000000000     ,  0.0000000000000000     ) (  0.0000000000000000     ,  0.0000000000000000     ) (  0.0000000000000000     ,  0.0000000000000000     ) (  0.0000000000000000     ,  0.0000000000000000     ) (  0.0000000000000000     ,  0.0000000000000000     ) (  0.0000000000000000     ,  0.0000000000000000     ) (  0.0000000000000000     ,  0.0000000000000000     ) (  4.0000000000000000     ,  0.0000000000000000     ) (  17.000000000000000     ,  0.0000000000000000     ) (  0.0000000000000000     ,  0.0000000000000000     ) (  0.0000000000000000     ,  0.0000000000000000     ) (  4.1231056256176606     ,  0.0000000000000000     ) (  0.0000000000000000     ,  0.0000000000000000     ) (  0.0000000000000000     ,  0.0000000000000000     ) (  0.0000000000000000     ,  0.0000000000000000     ) (  0.0000000000000000     ,  0.0000000000000000     ) (  0.0000000000000000     ,  0.0000000000000000     ) (  0.0000000000000000     ,  0.0000000000000000     ) (  0.0000000000000000     ,  0.0000000000000000     ) (  0.0000000000000000     ,  0.0000000000000000     ) (  0.0000000000000000     ,  0.0000000000000000     ) (  0.0000000000000000     ,  0.0000000000000000     ) (  0.0000000000000000     ,  0.0000000000000000     ) (  0.0000000000000000     ,  0.0000000000000000     ) (  0.0000000000000000     ,  0.0000000000000000     ) (  0.0000000000000000     ,  0.0000000000000000     ) (  0.0000000000000000     ,  0.0000000000000000     ) (  0.0000000000000000     ,  0.0000000000000000     ) (  0.0000000000000000     ,  0.0000000000000000     ) (  0.0000000000000000     ,  0.0000000000000000     ) (  0.0000000000000000     ,  0.0000000000000000     ) (  0.0000000000000000     ,  0.0000000000000000     ) (  0.0000000000000000     ,  0.0000000000000000     ) (  0.0000000000000000     ,  0.0000000000000000     ) (  0.0000000000000000     ,  0.0000000000000000     ) (  0.0000000000000000     ,  0.0000000000000000     ) (  0.0000000000000000     ,  0.0000000000000000     ) (  0.0000000000000000     ,  0.0000000000000000     ) (  0.0000000000000000     ,  0.0000000000000000     ) (  0.0000000000000000     ,  0.0000000000000000     ) (  0.0000000000000000     ,  0.0000000000000000     ) (  0.0000000000000000     ,  0.0000000000000000     ) (  0.0000000000000000     ,  0.0000000000000000     ) (  0.0000000000000000     ,  0.0000000000000000     ) (  0.0000000000000000     ,  0.0000000000000000     ) (  0.0000000000000000     ,  0.0000000000000000     ) (  4.0000000000000000     ,  0.0000000000000000     ) (  0.0000000000000000     ,  0.0000000000000000     ) (  0.0000000000000000     ,  0.0000000000000000     ) (  15.000000000000000     ,  0.0000000000000000     ) (  4.1231056256176606     ,  0.0000000000000000     ) (  0.0000000000000000     ,  0.0000000000000000     ) (  0.0000000000000000     ,  0.0000000000000000     ) (  0.0000000000000000     ,  0.0000000000000000     ) (  0.0000000000000000     ,  0.0000000000000000     ) (  0.0000000000000000     ,  0.0000000000000000     ) (  0.0000000000000000     ,  0.0000000000000000     ) (  0.0000000000000000     ,  0.0000000000000000     ) (  0.0000000000000000     ,  0.0000000000000000     ) (  0.0000000000000000     ,  0.0000000000000000     ) (  0.0000000000000000     ,  0.0000000000000000     ) (  0.0000000000000000     ,  0.0000000000000000     ) (  0.0000000000000000     ,  0.0000000000000000     ) (  0.0000000000000000     ,  0.0000000000000000     ) (  0.0000000000000000     ,  0.0000000000000000     ) (  0.0000000000000000     ,  0.0000000000000000     ) (  0.0000000000000000     ,  0.0000000000000000     ) (  0.0000000000000000     ,  0.0000000000000000     ) (  0.0000000000000000     ,  0.0000000000000000     ) (  0.0000000000000000     ,  0.0000000000000000     ) (  0.0000000000000000     ,  0.0000000000000000     ) (  0.0000000000000000     ,  0.0000000000000000     ) (  0.0000000000000000     ,  0.0000000000000000     ) (  0.0000000000000000     ,  0.0000000000000000     ) (  0.0000000000000000     ,  0.0000000000000000     ) (  0.0000000000000000     ,  0.0000000000000000     ) (  0.0000000000000000     ,  0.0000000000000000     ) (  0.0000000000000000     ,  0.0000000000000000     ) (  0.0000000000000000     ,  0.0000000000000000     ) (  0.0000000000000000     ,  0.0000000000000000     ) (  0.0000000000000000     ,  0.0000000000000000     ) (  0.0000000000000000     ,  0.0000000000000000     ) (  0.0000000000000000     ,  0.0000000000000000     ) (  0.0000000000000000     ,  0.0000000000000000     ) (  0.0000000000000000     ,  0.0000000000000000     ) (  0.0000000000000000     ,  0.0000000000000000     ) (  0.0000000000000000     ,  0.0000000000000000     ) (  0.0000000000000000     ,  0.0000000000000000     ) (  0.0000000000000000     ,  0.0000000000000000     ) (  4.1231056256176606     ,  0.0000000000000000     ) (  18.000000000000000     ,  0.0000000000000000     ) (  0.0000000000000000     ,  0.0000000000000000     ) (  0.0000000000000000     ,  0.0000000000000000     ) (  4.2426406871192848     ,  0.0000000000000000     ) (  0.0000000000000000     ,  0.0000000000000000     ) (  0.0000000000000000     ,  0.0000000000000000     ) (  0.0000000000000000     ,  0.0000000000000000     ) (  0.0000000000000000     ,  0.0000000000000000     ) (  0.0000000000000000     ,  0.0000000000000000     ) (  0.0000000000000000     ,  0.0000000000000000     ) (  0.0000000000000000     ,  0.0000000000000000     ) (  0.0000000000000000     ,  0.0000000000000000     ) (  0.0000000000000000     ,  0.0000000000000000     ) (  0.0000000000000000     ,  0.0000000000000000     ) (  0.0000000000000000     ,  0.0000000000000000     ) (  0.0000000000000000     ,  0.0000000000000000     ) (  0.0000000000000000     ,  0.0000000000000000     ) (  0.0000000000000000     ,  0.0000000000000000     ) (  0.0000000000000000     ,  0.0000000000000000     ) (  0.0000000000000000     ,  0.0000000000000000     ) (  0.0000000000000000     ,  0.0000000000000000     ) (  0.0000000000000000     ,  0.0000000000000000     ) (  0.0000000000000000     ,  0.0000000000000000     ) (  0.0000000000000000     ,  0.0000000000000000     ) (  0.0000000000000000     ,  0.0000000000000000     ) (  0.0000000000000000     ,  0.0000000000000000     ) (  0.0000000000000000     ,  0.0000000000000000     ) (  0.0000000000000000     ,  0.0000000000000000     ) (  0.0000000000000000     ,  0.0000000000000000     ) (  0.0000000000000000     ,  0.0000000000000000     ) (  0.0000000000000000     ,  0.0000000000000000     ) (  0.0000000000000000     ,  0.0000000000000000     ) (  0.0000000000000000     ,  0.0000000000000000     ) (  0.0000000000000000     ,  0.0000000000000000     ) (  0.0000000000000000     ,  0.0000000000000000     ) (  0.0000000000000000     ,  0.0000000000000000     ) (  0.0000000000000000     ,  0.0000000000000000     ) (  0.0000000000000000     ,  0.0000000000000000     ) (  4.1231056256176606     ,  0.0000000000000000     ) (  0.0000000000000000     ,  0.0000000000000000     ) (  0.0000000000000000     ,  0.0000000000000000     ) (  16.000000000000000     ,  0.0000000000000000     ) (  4.2426406871192848     ,  0.0000000000000000     ) (  0.0000000000000000     ,  0.0000000000000000     ) (  0.0000000000000000     ,  0.0000000000000000     ) (  0.0000000000000000     ,  0.0000000000000000     ) (  0.0000000000000000     ,  0.0000000000000000     ) (  0.0000000000000000     ,  0.0000000000000000     ) (  0.0000000000000000     ,  0.0000000000000000     ) (  0.0000000000000000     ,  0.0000000000000000     ) (  0.0000000000000000     ,  0.0000000000000000     ) (  0.0000000000000000     ,  0.0000000000000000     ) (  0.0000000000000000     ,  0.0000000000000000     ) (  0.0000000000000000     ,  0.0000000000000000     ) (  0.0000000000000000     ,  0.0000000000000000     ) (  0.0000000000000000     ,  0.0000000000000000     ) (  0.0000000000000000     ,  0.0000000000000000     ) (  0.0000000000000000     ,  0.0000000000000000     ) (  0.0000000000000000     ,  0.0000000000000000     ) (  0.0000000000000000     ,  0.0000000000000000     ) (  0.0000000000000000     ,  0.0000000000000000     ) (  0.0000000000000000     ,  0.0000000000000000     ) (  0.0000000000000000     ,  0.0000000000000000     ) (  0.0000000000000000     ,  0.0000000000000000     ) (  0.0000000000000000     ,  0.0000000000000000     ) (  0.0000000000000000     ,  0.0000000000000000     ) (  0.0000000000000000     ,  0.0000000000000000     ) (  0.0000000000000000     ,  0.0000000000000000     ) (  0.0000000000000000     ,  0.0000000000000000     ) (  0.0000000000000000     ,  0.0000000000000000     ) (  0.0000000000000000     ,  0.0000000000000000     ) (  0.0000000000000000     ,  0.0000000000000000     ) (  0.0000000000000000     ,  0.0000000000000000     ) (  0.0000000000000000     ,  0.0000000000000000     ) (  0.0000000000000000     ,  0.0000000000000000     ) (  0.0000000000000000     ,  0.0000000000000000     ) (  0.0000000000000000     ,  0.0000000000000000     ) (  0.0000000000000000     ,  0.0000000000000000     ) (  0.0000000000000000     ,  0.0000000000000000     ) (  0.0000000000000000     ,  0.0000000000000000     ) (  0.0000000000000000     ,  0.0000000000000000     ) (  4.2426406871192848     ,  0.0000000000000000     ) (  18.999999999999996     ,  0.0000000000000000     ) (  0.0000000000000000     ,  0.0000000000000000     ) (  0.0000000000000000     ,  0.0000000000000000     ) (  4.3588989435406740     ,  0.0000000000000000     ) (  0.0000000000000000     ,  0.0000000000000000     ) (  0.0000000000000000     ,  0.0000000000000000     ) (  0.0000000000000000     ,  0.0000000000000000     ) (  0.0000000000000000     ,  0.0000000000000000     ) (  0.0000000000000000     ,  0.0000000000000000     ) (  0.0000000000000000     ,  0.0000000000000000     ) (  0.0000000000000000     ,  0.0000000000000000     ) (  0.0000000000000000     ,  0.0000000000000000     ) (  0.0000000000000000     ,  0.0000000000000000     ) (  0.0000000000000000     ,  0.0000000000000000     ) (  0.0000000000000000     ,  0.0000000000000000     ) (  0.0000000000000000     ,  0.0000000000000000     ) (  0.0000000000000000     ,  0.0000000000000000     ) (  0.0000000000000000     ,  0.0000000000000000     ) (  0.0000000000000000     ,  0.0000000000000000     ) (  0.0000000000000000     ,  0.0000000000000000     ) (  0.0000000000000000     ,  0.0000000000000000     ) (  0.0000000000000000     ,  0.0000000000000000     ) (  0.0000000000000000     ,  0.0000000000000000     ) (  0.0000000000000000     ,  0.0000000000000000     ) (  0.0000000000000000     ,  0.0000000000000000     ) (  0.0000000000000000     ,  0.0000000000000000     ) (  0.0000000000000000     ,  0.0000000000000000     ) (  0.0000000000000000     ,  0.0000000000000000     ) (  0.0000000000000000     ,  0.0000000000000000     ) (  0.0000000000000000     ,  0.0000000000000000     ) (  0.0000000000000000     ,  0.0000000000000000     ) (  0.0000000000000000     ,  0.0000000000000000     ) (  0.0000000000000000     ,  0.0000000000000000     ) (  0.0000000000000000     ,  0.0000000000000000     ) (  0.0000000000000000     ,  0.0000000000000000     ) (  0.0000000000000000     ,  0.0000000000000000     ) (  0.0000000000000000     ,  0.0000000000000000     ) (  0.0000000000000000     ,  0.0000000000000000     ) (  4.2426406871192848     ,  0.0000000000000000     ) (  0.0000000000000000     ,  0.0000000000000000     ) (  0.0000000000000000     ,  0.0000000000000000     ) (  16.999999999999996     ,  0.0000000000000000     ) (  4.3588989435406740     ,  0.0000000000000000     ) (  0.0000000000000000     ,  0.0000000000000000     ) (  0.0000000000000000     ,  0.0000000000000000     ) (  0.0000000000000000     ,  0.0000000000000000     ) (  0.0000000000000000     ,  0.0000000000000000     ) (  0.0000000000000000     ,  0.0000000000000000     ) (  0.0000000000000000     ,  0.0000000000000000     ) (  0.0000000000000000     ,  0.0000000000000000     ) (  0.0000000000000000     ,  0.0000000000000000     ) (  0.0000000000000000     ,  0.0000000000000000     ) (  0.0000000000000000     ,  0.0000000000000000     ) (  0.0000000000000000     ,  0.0000000000000000     ) (  0.0000000000000000     ,  0.0000000000000000     ) (  0.0000000000000000     ,  0.0000000000000000     ) (  0.0000000000000000     ,  0.0000000000000000     ) (  0.0000000000000000     ,  0.0000000000000000     ) (  0.0000000000000000     ,  0.0000000000000000     ) (  0.0000000000000000     ,  0.0000000000000000     ) (  0.0000000000000000     ,  0.0000000000000000     ) (  0.0000000000000000     ,  0.0000000000000000     ) (  0.0000000000000000     ,  0.0000000000000000     ) (  0.0000000000000000     ,  0.0000000000000000     ) (  0.0000000000000000     ,  0.0000000000000000     ) (  0.0000000000000000     ,  0.0000000000000000     ) (  0.0000000000000000     ,  0.0000000000000000     ) (  0.0000000000000000     ,  0.0000000000000000     ) (  0.0000000000000000     ,  0.0000000000000000     ) (  0.0000000000000000     ,  0.0000000000000000     ) (  0.0000000000000000     ,  0.0000000000000000     ) (  0.0000000000000000     ,  0.0000000000000000     ) (  0.0000000000000000     ,  0.0000000000000000     ) (  0.0000000000000000     ,  0.0000000000000000     ) (  0.0000000000000000     ,  0.0000000000000000     ) (  0.0000000000000000     ,  0.0000000000000000     ) (  0.0000000000000000     ,  0.0000000000000000     ) (  0.0000000000000000     ,  0.0000000000000000     ) (  0.0000000000000000     ,  0.0000000000000000     ) (  0.0000000000000000     ,  0.0000000000000000     ) (  0.0000000000000000     ,  0.0000000000000000     ) (  4.3588989435406740     ,  0.0000000000000000     ) (  20.000000000000004     ,  0.0000000000000000     ) (  0.0000000000000000     ,  0.0000000000000000     ) (  0.0000000000000000     ,  0.0000000000000000     ) (  0.0000000000000000     ,  0.0000000000000000     ) (  0.0000000000000000     ,  0.0000000000000000     ) (  0.0000000000000000     ,  0.0000000000000000     ) (  0.0000000000000000     ,  0.0000000000000000     ) (  0.0000000000000000     ,  0.0000000000000000     ) (  0.0000000000000000     ,  0.0000000000000000     ) (  0.0000000000000000     ,  0.0000000000000000     ) (  0.0000000000000000     ,  0.0000000000000000     ) (  0.0000000000000000     ,  0.0000000000000000     ) (  0.0000000000000000     ,  0.0000000000000000     ) (  0.0000000000000000     ,  0.0000000000000000     ) (  0.0000000000000000     ,  0.0000000000000000     ) (  0.0000000000000000     ,  0.0000000000000000     ) (  0.0000000000000000     ,  0.0000000000000000     ) (  0.0000000000000000     ,  0.0000000000000000     ) (  0.0000000000000000     ,  0.0000000000000000     ) (  0.0000000000000000     ,  0.0000000000000000     ) (  0.0000000000000000     ,  0.0000000000000000     ) (  0.0000000000000000     ,  0.0000000000000000     ) (  0.0000000000000000     ,  0.0000000000000000     ) (  0.0000000000000000     ,  0.0000000000000000     ) (  0.0000000000000000     ,  0.0000000000000000     ) (  0.0000000000000000     ,  0.0000000000000000     ) (  0.0000000000000000     ,  0.0000000000000000     ) (  0.0000000000000000     ,  0.0000000000000000     ) (  0.0000000000000000     ,  0.0000000000000000     ) (  0.0000000000000000     ,  0.0000000000000000     ) (  0.0000000000000000     ,  0.0000000000000000     ) (  0.0000000000000000     ,  0.0000000000000000     ) (  0.0000000000000000     ,  0.0000000000000000     ) (  0.0000000000000000     ,  0.0000000000000000     ) (  0.0000000000000000     ,  0.0000000000000000     ) (  0.0000000000000000     ,  0.0000000000000000     ) (  0.0000000000000000     ,  0.0000000000000000     ) (  0.0000000000000000     ,  0.0000000000000000     ) (  4.3588989435406740     ,  0.0000000000000000     ) (  0.0000000000000000     ,  0.0000000000000000     ) (  0.0000000000000000     ,  0.0000000000000000     ) (  18.000000000000004     ,  0.0000000000000000     )
