 1.5000000000000000        0.0000000000000000        0.0000000000000000       0.25000000000000000        0.0000000000000000       0.50000000000000000       0.25000000000000000        0.0000000000000000        0.0000000000000000       0.25000000000000000       0.50000000000000000        0.0000000000000000       0.25000000000000000        0.0000000000000000        0.0000000000000000      -0.50000000000000000     
                    8
   1.5000000000000000        0.0000000000000000        0.0000000000000000        0.0000000000000000        0.0000000000000000       0.50000000000000000        0.0000000000000000        0.0000000000000000        0.0000000000000000        0.0000000000000000       0.50000000000000000        0.0000000000000000        0.0000000000000000        0.0000000000000000        0.0000000000000000      -0.50000000000000000     
   0.0000000000000000     
   1.5000000000000000        0.0000000000000000        0.0000000000000000       0.10000000000000001        0.0000000000000000       0.50000000000000000       0.10000000000000001        0.0000000000000000        0.0000000000000000       0.10000000000000001       0.50000000000000000        0.0000000000000000       0.10000000000000001        0.0000000000000000        0.0000000000000000      -0.50000000000000000     
  0.10000000000000001     
   1.5000000000000000        0.0000000000000000        0.0000000000000000       0.20000000000000001        0.0000000000000000       0.50000000000000000       0.20000000000000001        0.0000000000000000        0.0000000000000000       0.20000000000000001       0.50000000000000000        0.0000000000000000       0.20000000000000001        0.0000000000000000        0.0000000000000000      -0.50000000000000000     
  0.20000000000000001     
   1.5000000000000000        0.0000000000000000        0.0000000000000000       0.30000000000000004        0.0000000000000000       0.50000000000000000       0.30000000000000004        0.0000000000000000        0.0000000000000000       0.30000000000000004       0.50000000000000000        0.0000000000000000       0.30000000000000004        0.0000000000000000        0.0000000000000000      -0.50000000000000000     
  0.30000000000000004     
   1.5000000000000000        0.0000000000000000        0.0000000000000000       0.40000000000000002        0.0000000000000000       0.50000000000000000       0.40000000000000002        0.0000000000000000        0.0000000000000000       0.40000000000000002       0.50000000000000000        0.0000000000000000       0.40000000000000002        0.0000000000000000        0.0000000000000000      -0.50000000000000000     
  0.40000000000000002     
   1.5000000000000000        0.0000000000000000        0.0000000000000000       0.50000000000000000        0.0000000000000000       0.50000000000000000       0.50000000000000000        0.0000000000000000        0.0000000000000000       0.50000000000000000       0.50000000000000000        0.0000000000000000       0.50000000000000000        0.0000000000000000        0.0000000000000000      -0.50000000000000000     
  0.50000000000000000     
   1.5000000000000000        0.0000000000000000        0.0000000000000000       0.59999999999999998        0.0000000000000000       0.50000000000000000       0.59999999999999998        0.0000000000000000        0.0000000000000000       0.59999999999999998       0.50000000000000000        0.0000000000000000       0.59999999999999998        0.0000000000000000        0.0000000000000000      -0.50000000000000000     
  0.59999999999999998     
   1.5000000000000000        0.0000000000000000        0.0000000000000000       0.69999999999999996        0.0000000000000000       0.50000000000000000       0.69999999999999996        0.0000000000000000        0.0000000000000000       0.69999999999999996       0.50000000000000000        0.0000000000000000       0.69999999999999996        0.0000000000000000        0.0000000000000000      -0.50000000000000000     
  0.69999999999999996     
   1.5000000000000000        0.0000000000000000        0.0000000000000000       0.79999999999999993        0.0000000000000000       0.50000000000000000       0.79999999999999993        0.0000000000000000        0.0000000000000000       0.79999999999999993       0.50000000000000000        0.0000000000000000       0.79999999999999993        0.0000000000000000        0.0000000000000000      -0.50000000000000000     
  0.79999999999999993     
   1.5000000000000000        0.0000000000000000        0.0000000000000000       0.89999999999999991        0.0000000000000000       0.50000000000000000       0.89999999999999991        0.0000000000000000        0.0000000000000000       0.89999999999999991       0.50000000000000000        0.0000000000000000       0.89999999999999991        0.0000000000000000        0.0000000000000000      -0.50000000000000000     
  0.89999999999999991     
   1.5000000000000000        0.0000000000000000        0.0000000000000000       0.99999999999999989        0.0000000000000000       0.50000000000000000       0.99999999999999989        0.0000000000000000        0.0000000000000000       0.99999999999999989       0.50000000000000000        0.0000000000000000       0.99999999999999989        0.0000000000000000        0.0000000000000000      -0.50000000000000000     
  0.99999999999999989     
   1.5000000000000000        0.0000000000000000        0.0000000000000000        1.0999999999999999        0.0000000000000000       0.50000000000000000        1.0999999999999999        0.0000000000000000        0.0000000000000000        1.0999999999999999       0.50000000000000000        0.0000000000000000        1.0999999999999999        0.0000000000000000        0.0000000000000000      -0.50000000000000000     
   1.0999999999999999     
   1.5000000000000000        0.0000000000000000        0.0000000000000000        1.2000000000000000        0.0000000000000000       0.50000000000000000        1.2000000000000000        0.0000000000000000        0.0000000000000000        1.2000000000000000       0.50000000000000000        0.0000000000000000        1.2000000000000000        0.0000000000000000        0.0000000000000000      -0.50000000000000000     
   1.2000000000000000     
   1.5000000000000000        0.0000000000000000        0.0000000000000000        1.3000000000000000        0.0000000000000000       0.50000000000000000        1.3000000000000000        0.0000000000000000        0.0000000000000000        1.3000000000000000       0.50000000000000000        0.0000000000000000        1.3000000000000000        0.0000000000000000        0.0000000000000000      -0.50000000000000000     
   1.3000000000000000     
   1.5000000000000000        0.0000000000000000        0.0000000000000000        1.4000000000000001        0.0000000000000000       0.50000000000000000        1.4000000000000001        0.0000000000000000        0.0000000000000000        1.4000000000000001       0.50000000000000000        0.0000000000000000        1.4000000000000001        0.0000000000000000        0.0000000000000000      -0.50000000000000000     
   1.4000000000000001     
   1.5000000000000000        0.0000000000000000        0.0000000000000000        1.5000000000000002        0.0000000000000000       0.50000000000000000        1.5000000000000002        0.0000000000000000        0.0000000000000000        1.5000000000000002       0.50000000000000000        0.0000000000000000        1.5000000000000002        0.0000000000000000        0.0000000000000000      -0.50000000000000000     
   1.5000000000000002     
   1.5000000000000000        0.0000000000000000        0.0000000000000000        1.6000000000000003        0.0000000000000000       0.50000000000000000        1.6000000000000003        0.0000000000000000        0.0000000000000000        1.6000000000000003       0.50000000000000000        0.0000000000000000        1.6000000000000003        0.0000000000000000        0.0000000000000000      -0.50000000000000000     
   1.6000000000000003     
   1.5000000000000000        0.0000000000000000        0.0000000000000000        1.7000000000000004        0.0000000000000000       0.50000000000000000        1.7000000000000004        0.0000000000000000        0.0000000000000000        1.7000000000000004       0.50000000000000000        0.0000000000000000        1.7000000000000004        0.0000000000000000        0.0000000000000000      -0.50000000000000000     
   1.7000000000000004     
   1.5000000000000000        0.0000000000000000        0.0000000000000000        1.8000000000000005        0.0000000000000000       0.50000000000000000        1.8000000000000005        0.0000000000000000        0.0000000000000000        1.8000000000000005       0.50000000000000000        0.0000000000000000        1.8000000000000005        0.0000000000000000        0.0000000000000000      -0.50000000000000000     
   1.8000000000000005     
   1.5000000000000000        0.0000000000000000        0.0000000000000000        1.9000000000000006        0.0000000000000000       0.50000000000000000        1.9000000000000006        0.0000000000000000        0.0000000000000000        1.9000000000000006       0.50000000000000000        0.0000000000000000        1.9000000000000006        0.0000000000000000        0.0000000000000000      -0.50000000000000000     
   1.9000000000000006     
   1.5000000000000000        0.0000000000000000        0.0000000000000000        2.0000000000000004        0.0000000000000000       0.50000000000000000        2.0000000000000004        0.0000000000000000        0.0000000000000000        2.0000000000000004       0.50000000000000000        0.0000000000000000        2.0000000000000004        0.0000000000000000        0.0000000000000000      -0.50000000000000000     
   2.0000000000000004     

