   0.0000000000000000      -0.50000000000000000     
  0.10000000000000001      -0.50501253124940115     
  0.20000000000000001      -0.52020199938628198     
  0.30000000000000004      -0.54603524486302712     
  0.40000000000000002      -0.58332732896848527     
  0.50000000000000000      -0.63329423546163544     
  0.59999999999999998      -0.69761529065707084     
  0.69999999999999996      -0.77847834118054304     
  0.79999999999999993      -0.87854953152007309     
  0.89999999999999991       -1.0007758765688570     
  0.99999999999999989       -1.1479457293159767     
   1.0999999999999999       -1.3220796334006732     
   1.2000000000000000       -1.5239563671827963     
   1.3000000000000000       -1.7531050614368597     
   1.4000000000000001       -2.0082544798683855     
   1.5000000000000002       -2.2879006759638614     
   1.6000000000000003       -2.5906969960627362     
   1.7000000000000004       -2.9156076992372277     
   1.8000000000000005       -3.2619073587043808     
   1.9000000000000006       -3.6291174067563801     
   2.0000000000000004       -4.0169336097955037     
