   0.0000000000000000     
   4.0330574144871014E-003
   8.1324328602709467E-003
   1.2298371534883433E-002
   1.6531038370699077E-002
   2.0830517277445691E-002
   2.5196810531074674E-002
   2.9629838311085326E-002
   3.4129438388099377E-002
   3.8695365963176090E-002
   4.3327293660045750E-002
   4.8024811671123102E-002
   5.2787428057838558E-002
   5.7614569205498817E-002
   6.2505580432559382E-002
   6.7459726753857738E-002
   7.2476193797021859E-002
   7.7554088870936344E-002
   8.2692442184806536E-002
   8.7890208216035715E-002
   9.3146267224788123E-002
   9.8459426912787348E-002
  0.10382842422356701     
  0.10925192728107160     
  0.11472853746318382     
  0.12025679160644408     
  0.12583516433792288     
  0.13146207052990505     
  0.13713586787275772     
  0.14285485956107311     
  0.14861729708790344     
  0.15442138314164322     
  0.16026527459987339     
  0.16614708561423125     
  0.17206489078015422     
  0.17801672838513311     
  0.18400060372890470     
  0.19001449250884250     
  0.19605634426362459     
  0.20212408586810865     
  0.20821562507220881     
  0.21432885407644400     
  0.22046165313672608     
  0.22661189419086611     
  0.23277744449920881     
  0.23895617029175165     
  0.24514594041406951     
  0.25134462996435081     
  0.25755012391384963     
  0.26376032070307726     
  0.26997313580609711     
  0.27618650525533733     
  0.28239838911941090     
  0.28860677492652514     
  0.29480968102616806     
  0.30100515988188914     
  0.30719130128813010     
  0.31336623550423071     
  0.31952813629889859     
  0.32567522389864456     
  0.33180576783386723     
  0.33791808967653103     
  0.34401056566358368     
  0.35008162920054758     
  0.35612977323996314     
  0.36215355252965686     
  0.36815158572609902     
  0.37412255736842215     
  0.38006521970898616     
  0.38597839439671344     
  0.39186097400974390     
  0.39771192343432354     
  0.40353028108718236     
  0.40931515997902790     
  0.41506574861715867     
  0.42078131174556332     
  0.42646119092127260     
  0.43210480492609787     
  0.43771165001330342     
  0.44328129998912452     
  0.44881340612947246     
  0.45430769693251899     
  0.45976397770829441     
  0.46518213000678621     
  0.47056211088644423     
  0.47590395202537200     
  0.48120775867786814     
  0.48647370847937116     
  0.49170205010321899     
  0.49689310177301360     
  0.50204724963472658     
  0.50716494599303930     
  0.51224670741674683     
  0.51729311271838430     
  0.52230480081354280     
  0.52728246846566085     
  0.53222686792234764     
  0.53713880444959516     
  0.54201913377046940     
  0.54686875941513069     
  0.55168862998927037     
  0.55647973636823134     
  0.56124310882430128     
  0.56597981409482923     
  0.57069095239896239     
  0.57537765441094091     
  0.58004107819800244     
  0.58468240613103928     
  0.58930284177619607     
  0.59390360677569665     
  0.59848593772614866     
  0.60305108306262811     
  0.60760029995679343     
  0.61213485123725475     
  0.61665600234033735     
  0.62116501829930260     
  0.62566316077997397     
  0.63015168517056641     
  0.63463183773337173     
  0.63910485282576279     
  0.64357195019777602     
  0.64803433237330255     
  0.65249318212167884     
  0.65694966002617672     
  0.66140490215564385     
  0.66586001784518145     
  0.67031608759147754     
  0.67477416106802035     
  0.67923525526508532     
  0.68370035275900665     
  0.68817040011482578     
  0.69264630642604919     
  0.69712894199479081     
  0.70161913715515656     
  0.70611768124230478     
  0.71062532170914017     
  0.71514276339217397     
  0.71967066792759349     
  0.72420965331815823     
  0.72876029365101858     
  0.73332311896614810     
  0.73789861527456801     
  0.74248722472508344     
  0.74708934591781939     
  0.75170533436235276     
  0.75633550307780417     
  0.76098012333181497     
  0.76563942551489927     
  0.77031360014624506     
  0.77500279900662317     
  0.77970713639368971     
  0.78442669049457381     
  0.78916150487028258     
  0.79391159004614997     
  0.79867692520217259     
  0.80345745995684348     
  0.80825311623776075     
  0.81306379023207820     
  0.81788935440960020     
  0.82272965961112643     
  0.82758453719448677     
  0.83245380123052903     
  0.83733725074119936     
  0.84223467197176838     
  0.84714584068914944     
  0.85207052449825438     
  0.85700848516825734     
  0.86195948096070485     
  0.86692326895137983     
  0.87189960733796679     
  0.87688825772558276     
  0.88188898738240173     
  0.88690157145773474     
  0.89192579515508141     
  0.89696145585288356     
  0.90200836516591676     
  0.90706635094049948     
  0.91213525917697003     
  0.91721495587316193     
  0.92230532878291438     
  0.92740628908398337     
  0.93251777295005744     
  0.93763974302195685     
  0.94277218977344557     
  0.94791513276750228     
  0.95306862179928098     
  0.95823273792241326     
  0.96340759435573498     
  0.96859333726792496     
  0.97379014643802997     
  0.97899823579023626     
  0.98421785380174676     
  0.98944928378304098     
  0.99469284403026281     
  0.99994888784990943     
   1.0052178034564747     
   1.0105000137441065     
   1.0157959759338047     
   1.0211061810980944     
   1.0264311535655508     
   1.0317714502079471     
   1.0371276596132095     
   1.0425004011477415     
   1.0478903239120720     
   1.0532981055941146     
   1.0587244512246943     
   1.0641700918403205     
   1.0696357830584646     
   1.0751223035709265     
   1.0806304535611329     
   1.0861610530514301     
   1.0917149401867006     
   1.0972929694607931     
   1.1028960098924836     
   1.1085249431577688     
   1.1141806616855205     
   1.1198640667235211     
   1.1255760663820771     
   1.1313175736624228     
   1.1370895044771201     
   1.1428927756697342     
   1.1487283030409814     
   1.1545969993885179     
   1.1604997725674699     
   1.1664375235786770     
   1.1724111446915320     
   1.1784215176080981     
   1.1844695116750681     
   1.1905559821498619     
   1.1966817685269924     
   1.2028476929305494     
   1.2090545585783830     
   1.2153031483233043     
   1.2215942232762602     
   1.2279285215161868     
   1.2343067568908010     
   1.2407296179123142     
   1.2471977667516330     
   1.2537118383342027     
   1.2602724395402878     
   1.2668801485120162     
   1.2735355140691418     
   1.2802390552349934     
   1.2869912608736758     
   1.2937925894391211     
   1.3006434688361468     
   1.3075442963932442     
   1.3144954389463226     
   1.3214972330322636     
   1.3285499851906246     
   1.3356539723714382     
   1.3428094424466106     
   1.3500166148220156     
   1.3572756811469444     
   1.3645868061172159     
   1.3719501283678486     
   1.3793657614508368     
   1.3868337948932203     
   1.3943542953303558     
   1.4019273077089058     
   1.4095528565538880     
   1.4172309472937861     
   1.4249615676375234     
   1.4327446889968944     
   1.4405802679478716     
   1.4484682477240372     
   1.4564085597352843     
   1.4644011251048228     
   1.4724458562174789     
   1.4805426582722241     
   1.4886914308318793     
   1.4968920693629655     
   1.5051444667587153     
   1.5134485148383643     
   1.5218041058159573     
   1.5302111337320290     
   1.5386694958417308     
   1.5471790939531305     
   1.5557398357096908     
   1.5643516358111589     
   1.5730144171673730     
   1.5817281119798270     
   1.5904926627461331     
   1.5993080231828714     
   1.6081741590627072     
   1.6170910489619941     
   1.6260586849155207     
   1.6350770729754573     
   1.6441462336719765     
   1.6532662023734355     
   1.6624370295445261     
   1.6716587809011285     
   1.6809315374611797     
   1.6902553954911990     
   1.6996304663486832     
   1.7090568762209251     
   1.7185347657613437     
   1.7280642896247818     
   1.7376456159037197     
   1.7472789254677044     
   1.7569644112087766     
   1.7667022771960141     
   1.7764927377427024     
   1.7863360163900304     
   1.7962323448115154     
   1.8061819616427019     
   1.8161851112409848     
   1.8262420423806753     
   1.8363530068886891     
   1.8465182582264519     
   1.8567380500238722     
   1.8670126345713307     
   1.8773422612758681     
   1.8877271750878342     
   1.8981676149043731     
   1.9086638119561894     
   1.9192159881841051     
   1.9298243546118894     
   1.9404891097219008     
   1.9512104378399802     
   1.9619885075360164     
   1.9728234700465004     
   1.9837154577252922     
   1.9946645825286518     
   2.0056709345404622     
   2.0167345805433952     
   2.0278555626415224     
   2.0390338969396993     
   2.0502695722848081     
   2.0615625490736438     
   2.0729127581319808     
   2.0843200996691049     
   2.0957844423116918     
   2.1073056222207103     
   2.1188834422946177     
   2.1305176714618055     
   2.1422080440649385     
   2.1539542593394128     
   2.1657559809878650     
   2.1776128368522603     
   2.1895244186847438     
   2.2014902820180757     
   2.2135099461360985     
   2.2255828941443223     
   2.2377085731403579     
   2.2498863944835756     
   2.2621157341630287     
   2.2743959332622823     
   2.2867262985195569     
   2.2991061029811672     
   2.3115345867459709     
   2.3240109577982468     
   2.3365343929261262     
   2.3491040387223729     
   2.3617190126641283     
   2.3743784042679197     
   2.3870812763160276     
   2.3998266661500880     
   2.4126135870275838     
   2.4254410295367359     
   2.4383079630650877     
   2.4512133373169864     
   2.4641560838749590     
   2.4771351177999752     
   2.4901493392653808     
   2.5031976352193199     
   2.5162788810703085     
   2.5293919423906903     
   2.5425356766326135     
   2.5557089348512045     
   2.5689105634296281     
   2.5821394058007736     
   2.5953943041603531     
   2.6086741011662951     
   2.6219776416193787     
   2.6353037741202088     
   2.6486513526977169     
   2.6620192384045511     
   2.6754063008748536     
   2.6888114198401039     
   2.7022334865989119     
   2.7156714054368178     
   2.7291240949923607     
   2.7425904895659539     
   2.7560695403682760     
   2.7695602167051576     
   2.7830615070961997     
   2.7965724203246038     
   2.8100919864159657     
   2.8236192575440460     
   2.8371533088618177     
   2.8506932392563558     
   2.8642381720264027     
   2.8777872554817692     
   2.8913396634639335     
   2.9048945957875643     
   2.9184512786028862     
   2.9320089646791487     
   2.9455669336097023     
   2.9591244919394106     
   2.9726809732154535     
   2.9862357379627849     
   2.9997881735857526     
   3.0133376941976064     
   3.0268837403799189     
   3.0404257788740310     
   3.0539633022069750     
   3.0674958282543967     
   3.0810228997432625     
   3.0945440836972806     
   3.1080589708280639     
   3.1215671748752944     
   3.1350683318992245     
   3.1485620995289167     
   3.1620481561698255     
   3.1755262001743358     
   3.1889959489789161     
   3.2024571382117015     
   3.2159095207742343     
   3.2293528659012196     
   3.2427869582021067     
   3.2562115966883041     
   3.2696265937898574     
   3.2830317743653290     
   3.2964269747086528     
   3.3098120415565968     
   3.3231868311004615     
   3.3365512080055266     
   3.3499050444416985     
   3.3632482191286766     
   3.3765806163988565     
   3.3899021252810875     
   3.4032126386082497     
   3.4165120521514996     
   3.4298002637838305     
   3.4430771726755696     
   3.4563426785241242     
   3.4695966808202328     
   3.4828390781527956     
   3.4960697675541281     
   3.5092886438874022     
   3.5224955992777987     
   3.5356905225887019     
   3.5488732989441867     
   3.5620438092987494     
   3.5752019300551474     
   3.5883475327309631     
   3.6014804836744112     
   3.6146006438296423     
   3.6277078685517008     
   3.6408020074710792     
   3.6538829044076526     
   3.6669503973336273     
   3.6800043183849769     
   3.6930444939206315     
   3.7060707446286560     
   3.7190828856783291     
   3.7320807269170899     
   3.7450640731110338     
   3.7580327242275651     
   3.7709864757587139     
   3.7839251190834635     
   3.7968484418673518     
   3.8097562284974766     
   3.8226482605510035     
   3.8355243172950386     
   3.8483841762158817     
   3.8612276135753136     
   3.8740544049917358     
   3.8868643260437961     
   3.8996571528940813     
   3.9124326629304882     
   3.9251906354227080     
   3.9379308521913803     
   3.9506530982873147     
   3.9633571626782098     
   3.9760428389403208     
   3.9887099259524281     
   4.0013582285895550     
   4.0139875584138540     
   4.0265977343600277     
   4.0391885834128320     
   4.0517599412740486     
   4.0643116530165004     
   4.0768435737226199     
   4.0893555691052290     
   4.1018475161081254     
   4.1143193034842467     
   4.1267708323491394     
   4.1392020167076842     
   4.1516127839519026     
   4.1640030753279458     
   4.1763728463703753     
   4.1887220673018755     
   4.2010507233968033     
   4.2133588153069006     
   4.2256463593477607     
   4.2379133877446309     
   4.2501599488363464     
   4.2623861072362441     
   4.2745919439490772     
   4.2867775564430284     
   4.2989430586761355     
   4.3110885810764437     
   4.3232142704754786     
   4.3353202899946668     
   4.3474068188845019     
   4.3594740523164033     
   4.3715222011273331     
   4.3835514915173981     
   4.3955621647007765     
   4.4075544765104215     
   4.4195286969572667     
   4.4314851097445533     
   4.4434240117382826     
   4.4553457123947506     
   4.4672505331463359     
   4.4791388067467732     
   4.4910108765773487     
   4.5028670959155104     
   4.5147078271674568     
   4.5265334410664968     
   4.5383443158389722     
   4.5501408363396632     
   4.5619233931586844     
   4.5736923817019957     
   4.5854482012476820     
   4.5971912539802373     
   4.6089219440052496     
   4.6206406763467252     
   4.6323478559296420     
   4.6440438865500848     
   4.6557291698355554     
   4.6674041041979484     
   4.6790690837818341     
   4.6907244974105691     
   4.7023707275329043     
   4.7140081491726384     
   4.7256371288839647     
   4.7372580237150883     
   4.7488711801826540     
   4.7604769332596240     
   4.7720756053790074     
   4.7836675054560240     
   4.7952529279310721     
   4.8068321518359198     
   4.8184054398854315     
   4.8299730375971066     
   4.8415351724406070     
   4.8530920530194237     
   4.8646438682867110     
   4.8761907867972365     
   4.8877329559973264     
   4.8992705015546143     
   4.9108035267292109     
   4.9223321117879575     
   4.9338563134631199     
   4.9453761644570502     
   4.9568916729939296     
   4.9684028224198302     
   4.9799095708520751     
   4.9914118508788672     
   5.0029095693099199     
   5.0144026069788392     
   5.0258908185977509     
   5.0373740326646690     
   5.0488520514238848     
   5.0603246508796156     
   5.0717915808629419     
   5.0832525651520450     
   5.0947073016455802     
   5.1061554625888537     
   5.1175966948525220     
   5.1290306202632134     
   5.1404568359855141     
   5.1518749149545755     
   5.1632844063585486     
   5.1746848361698508     
   5.1860757077243305     
   5.1974565023470847     
   5.2088266800238392     
   5.2201856801164608     
   5.2315329221212759     
   5.2428678064687082     
   5.2541897153626431     
   5.2654980136579406     
   5.2767920497743130     
   5.2880711566449188     
   5.2993346526976950     
   5.3105818428676903     
   5.3218120196383367     
   5.3330244641097684     
   5.3442184470920733     
   5.3553932302214999     
   5.3665480670974128     
   5.3776822044380070     
   5.3887948832524444     
   5.3998853400274012     
   5.4109528079257592     
   5.4219965179952352     
   5.4330157003847654     
   5.4440095855664223     
   5.4549774055606592     
   5.4659183951626806     
   5.4768317931677499     
   5.4877168435932440     
   5.4985727968953464     
   5.5093989111781427     
   5.5201944533931275     
   5.5309587005269574     
   5.5416909407754442     
   5.5523904747017339     
   5.5630566163767687     
   5.5736886945000226     
   5.5842860534986736     
   5.5948480546033581     
   5.6053740768987295     
   5.6158635183470356     
   5.6263157967831372     
   5.6367303508792022     
   5.6471066410776283     
   5.6574441504906465     
   5.6677423857650986     
   5.6780008779111286     
   5.6882191830933690     
   5.6983968833834107     
   5.7085335874723686     
   5.7186289313424528     
   5.7286825788964508     
   5.7386942225441722     
   5.7486635837449569     
   5.7585904135054182     
   5.7684744928316087     
   5.7783156331349863     
   5.7881136765915278     
   5.7978684964534297     
   5.8075799973129758     
   5.8172481153180886     
   5.8268728183393703     
   5.8364541060882011     
   5.8459920101859009     
   5.8554865941837067     
   5.8649379535336132     
   5.8743462155100588     
   5.8837115390826185     
   5.8930341147398329     
   5.9023141642644932     
   5.9115519404606083     
   5.9207477268325635     
   5.9299018372168364     
   5.9390146153668821     
   5.9480864344916897     
   5.9571176967488659     
   5.9661088326927096     
   5.9750603006783827     
   5.9839725862228104     
   5.9928462013234123     
   6.0016816837355504     
   6.0104795962098443     
   6.0192405256904387     
   6.0279650824754354     
   6.0366538993407151     
   6.0453076306285016     
   6.0539269513019880     
   6.0625125559675155     
   6.0710651578656769     
   6.0795854878330493     
   6.0880742932359393     
   6.0965323368779485     
   6.1049603958829559     
   6.1133592605552725     
   6.1217297332187197     
   6.1300726270365065     
   6.1383887648136746     
   6.1466789777841093     
   6.1549441043839499     
   6.1631849890134021     
   6.1714024807889603     
   6.1795974322880207     
   6.1877706982879195     
   6.1959231345014789     
   6.2040555963111279     
   6.2121689375036775     
   6.2202640090078098     
   6.2283416576364798     
   6.2364027248362053     
   6.2444480454454485     
   6.2524784464641368     
   6.2604947458363984     
   6.2684977512486268     
   6.2764882589448554     
   6.2844670525615882     
   6.2924349019839312     
   6.3003925622251815     
   6.3083407723316274     
   6.3162802543146288     
   6.3242117121117198     
   6.3321358305786193     
   6.3400532745138163     
   6.3479646877175862     
   6.3558706920869321     
   6.3637718867481148     
   6.3716688472283156     
   6.3795621246677987     
   6.3874522450740283     
   6.3953397086190193     
   6.4032249889810897     
   6.4111085327322641     
   6.4189907587722796     
   6.4268720578102227     
   6.4347527918946383     
   6.4426332939929427     
   6.4505138676207849     
   6.4583947865219846     
   6.4662762943995356     
   6.4741586046980890     
   6.4820419004382046     
   6.4899263341025790     
   6.4978120275743683     
   6.5056990721275874     
   6.5135875284695368     
   6.5214774268349602     
   6.5293687671317873     
   6.5372615191379149     
   6.5451556227486636     
   6.5530509882742232     
   6.5609474967865022     
   6.5688450005144903     
   6.5767433232874088     
   6.5846422610245616     
   6.5925415822709645     
   6.6004410287775412     
   6.6083403161247078     
   6.6162391343881533     
   6.6241371488452714     
   6.6320340007210312     
   6.6399293079716308     
   6.6478226661044646     
   6.6557136490327382     
   6.6636018099630796     
   6.6714866823144261     
   6.6793677806663414     
   6.6872446017350491     
   6.6951166253752028     
   6.7029833156055592     
   6.7108441216566037     
   6.7186984790381370     
   6.7265458106248897     
   6.7343855277580325     
   6.7422170313607221     
   6.7500397130655001     
   6.7578529563515115     
   6.7656561376895921     
   6.7734486276930239     
   6.7812297922719509     
   6.7889989937894981     
   6.7967555922173855     
   6.8044989462891383     
   6.8122284146488203     
   6.8199433569933339     
   6.8276431352062827     
   6.8353271144814789     
   6.8429946644341824     
   6.8506451601981837     
   6.8582779835068806     
   6.8658925237565649     
   6.8734881790501490     
   6.8810643572195422     
   6.8886204768251575     
   6.8961559681307270     
   6.9036702740520095     
   6.9111628510777736     
   6.9186331701615940     
   6.9260807175830950     
   6.9335049957772270     
   6.9409055241303266     
   6.9482818397416608     
   6.9556334981493837     
   6.9629600740196818     
   6.9702611617981507     
   6.9775363763223899     
   6.9847853533949209     
   6.9920077503155724     
   6.9992032463726108     
   7.0063715432918414     
   7.0135123656431402     
   7.0206254612037950     
   7.0277106012782422     
   7.0347675809737202     
   7.0417962194315757     
   7.0487963600139363     
   7.0557678704455462     
   7.0627106429107478     
   7.0696245941054503     
   7.0765096652442701     
   7.0833658220228362     
   7.0901930545355727     
   7.0969913771491395     
   7.1037608283319944     
   7.1105014704403358     
   7.1172133894610798     
   7.1238966947124007     
   7.1305515185024060     
   7.1371780157467946     
   7.1437763635461611     
   7.1503467607238962     
   7.1568894273256012     
   7.1634046040809478     
   7.1698925518291450     
   7.1763535509091003     
   7.1827879005154189     
   7.1891959180216292     
   7.1955779382717919     
   7.2019343128420061     
   7.2082654092731708     
   7.2145716102764936     
   7.2208533129132784     
   7.2271109277506671     
   7.2333448779947886     
   7.2395555986031708     
   7.2457435353780255     
   7.2519091440422105     
   7.2580528892996101     
   7.2641752438817822     
   7.2702766875827454     
   7.2763577062837159     
   7.2824187909697278     
   7.2884604367400261     
   7.2944831418141840     
   7.3004874065358223     
   7.3064737323759514     
   7.3124426209377278     
   7.3183945729647961     
   7.3243300873548662     
   7.3302496601806695     
   7.3361537837201176     
   7.3420429454974849     
   7.3479176273376297     
   7.3537783044349299     
   7.3596254444388665     
   7.3654595065579382     
   7.3712809406837332     
   7.3770901865367362     
   7.3828876728356265     
   7.3886738164915773     
   7.3944490218291890     
   7.4002136798354377     
   7.4059681674381492     
   7.4117128468153419     
   7.4174480647367105     
   7.4231741519384844     
   7.4288914225328941     
   7.4346001734531697     
   7.4403006839352530     
   7.4459932150370332     
   7.4516780091959989     
   7.4573552898260473     
   7.4630252609541836     
   7.4686881068976225     
   7.4743439919818755     
   7.4799930603002007     
   7.4856354355147730     
   7.4912712206998018     
   7.4969004982267764     
   7.5025233296918712     
   7.5081397558855167     
   7.5137497968040305     
   7.5193534517031066     
   7.5249506991928516     
   7.5305414973740588     
   7.5361257840152120     
   7.5417034767697535     
   7.5472744734328803     
   7.5528386522373490     
   7.5583958721873499     
   7.5639459734297239     
   7.5694887776615545     
   7.5750240885731328     
   7.5805516923252982     
   7.5860713580600079     
   7.5915828384429016     
   7.5970858702367545     
   7.6025801749043991     
   7.6080654592398398     
   7.6135414160261510     
   7.6190077247187347     
   7.6244640521524367     
   7.6299100532710256     
   7.6353453718774871     
   7.6407696414035380     
   7.6461824856967322     
   7.6515835198235891     
   7.6569723508870524     
   7.6623485788565873     
   7.6677117974092628     
   7.6730615947801635     
   7.6783975546203651     
   7.6837192568608215     
   7.6890262785804362     
   7.6943181948766703     
   7.6995945797369343     
   7.7048550069091775     
   7.7100990507699079     
   7.7153262871881116     
   7.7205362943833364     
   7.7257286537764811     
   7.7309029508315135     
   7.7360587758868187     
   7.7411957249744487     
   7.7463134006259233     
   7.7514114126630833     
   7.7564893789726161     
   7.7615469262628478     
   7.7665836908015633     
   7.7715993191334665     
   7.7765934687761487     
   7.7815658088933315     
   7.7865160209442470     
   7.7914437993081318     
   7.7963488518827209     
   7.8012309006558489     
   7.8060896822492101     
   7.8109249484333985     
   7.8157364666134521     
   7.8205240202841724     
   7.8252874094544609     
   7.8300264510401822     
   7.8347409792248159     
   7.8394308457875725     
   7.8440959203984093     
   7.8487360908796218     
   7.8533512634336935     
   7.8579413628371295     
   7.8625063326001321     
   7.8670461350918934     
   7.8715607516315931     
   7.8760501825449358     
   7.8805144471863873     
   7.8849535839272118     
   7.8893676501094774     
   7.8937567219662430     
   7.8981208945083159     
   7.9024602813778309     
   7.9067750146691393     
   7.9110652447174639     
   7.9153311398558204     
   7.9195728861408510     
   7.9237906870481281     
   7.9279847631376983     
   7.9321553516905281     
   7.9363027063167237     
   7.9404270965362693     
   7.9445288073332749     
   7.9486081386845502     
   7.9526654050635619     
   7.9567009349207485     
   7.9607150701412444     
   7.9647081654811167     
   7.9686805879832008     
   7.9726327163737745     
   7.9765649404411185     
   7.9804776603973577     
   7.9843712862246523     
   7.9882462370071137     
   7.9921029402497181     
   7.9959418311854682     
   7.9997633520722049     
   8.0035679514803455     
   8.0073560835729314     
   8.0111282073793149     
   8.0148847860639201     
   8.0186262861913171     
   8.0223531769891210     
   8.0260659296100201     
   8.0297650163942578     
   8.0334509101340004     
   8.0371240833409150     
   8.0407850075182594     
   8.0444341524388676     
   8.0480719854302851     
   8.0516989706683617     
   8.0553155684805748     
   8.0589222346602991     
   8.0625194197932384     
   8.0661075685972481     
   8.0696871192766295     
   8.0732585028920418     
   8.0768221427471616     
   8.0803784537930348     
   8.0839278420512137     
   8.0874707040566065     
   8.0910074263209388     
   8.0945383848177244     
   8.0980639444895424     
   8.1015844587784578     
   8.1051002691802427     
   8.1086117048230673     
   8.1121190820713913     
   8.1156227041554629     
   8.1191228608270762     
   8.1226198280420014     
   8.1261138676694262     
   8.1296052272288257     
   8.1330941396546468     
   8.1365808230887229     
   8.1400654807010042     
   8.1435483005383631     
   8.1470294554018121     
   8.1505091027519043     
   8.1539873846424875     
   8.1574644276825019     
   8.1609403430258176     
   8.1644152263887761     
   8.1678891580952655     
   8.1713622031489042     
   8.1748344113320641     
   8.1783058173311964     
   8.1817764408881040     
   8.1852462869765219     
   8.1887153460035371     
   8.1921835940351500     
   8.1956509930454295     
   8.1991174911884190     
   8.2025830230922239     
   8.2060475101743506     
   8.2095108609776428     
   8.2129729715258346     
   8.2164337256979572     
   8.2198929956206310     
   8.2233506420773654     
   8.2268065149338838     
   8.2302604535784933     
   8.2337122873765782     
   8.2371618361380960     
   8.2406089105971496     
   8.2440533129025386     
   8.2474948371182606     
   8.2509332697329363     
   8.2543683901770066     
   8.2577999713467687     
   8.2612277801340195     
   8.2646515779604108     
   8.2680711213153018     
   8.2714861622961564     
   8.2748964491503454     
   8.2783017268174284     
   8.2817017374706978     
   8.2850962210571790     
   8.2884849158349212     
   8.2918675589066364     
   8.2952438867487821     
   8.2986136357350233     
   8.3019765426532608     
   8.3053323452151950     
   8.3086807825576923     
   8.3120215957349917     
   8.3153545282009524     
   8.3186793262805772     
   8.3219957396300206     
   8.3253035216843134     
   8.3286024300922001     
   8.3318922271373328     
   8.3351726801451687     
   8.3384435618750956     
   8.3417046508970802     
   8.3449557319524033     
   8.3481965962979565     
   8.3514270420336363     
   8.3546468744124596     
   8.3578559061329951     
   8.3610539576137661     
   8.3642408572493494     
   8.3674164416478991     
   8.3705805558498430     
   8.3737330535276300     
   8.3768737971663523     
   8.3800026582250737     
   8.3831195172789510     
   8.3862242641419158     
   8.3893167979701246     
   8.3923970273460551     
   8.3954648703434511     
   8.3985202545731639     
   8.4015631172100438     
   8.4045934050011279     
   8.4076110742552483     
   8.4106160908144343     
   8.4136084300072778     
   8.4165880765846417     
   8.4195550246380879     
   8.4225092775013017     
   8.4254508476350445     
   8.4283797564959411     
   8.4312960343897032     
   8.4341997203091150     
   8.4370908617574152     
   8.4399695145575979     
   8.4428357426480360     
   8.4456896178652681     
   8.4485312197142335     
   8.4513606351268695     
   8.4541779582094136     
   8.4569832899792772     
   8.4597767380920228     
   8.4625584165591246     
   8.4653284454572475     
   8.4680869506296617     
   8.4708340633805133     
   8.4735699201626993     
   8.4762946622599298     
   8.4790084354638857     
   8.4817113897469234     
   8.4844036789312831     
   8.4870854603553934     
   8.4897568945379511     
   8.4924181448405722     
   8.4950693771296706     
   8.4977107594382044     
   8.5003424616281364     
   8.5029646550541003     
   8.5055775122290260     
   8.5081812064924325     
   8.5107759116819519     
   8.5133618018087187     
   8.5159390507373072     
   8.5185078318707390     
   8.5210683178412072     
   8.5236206802070207     
   8.5261650891563612     
   8.5287017132183518     
   8.5312307189819503     
   8.5337522708231521     
   8.5362665306409511     
   8.5387736576025013     
   8.5412738078978681     
   8.5437671345048205     
   8.5462537869639199     
   8.5487339111643710     
   8.5512076491408031     
   8.5536751388813741     
   8.5561365141474326     
   8.5585919043048762     
   8.5610414341675547     
   8.5634852238527461     
   8.5659233886489776     
   8.5683560388961801     
   8.5707832798783929     
   8.5732052117289612     
   8.5756219293483831     
   8.5780335223346693     
   8.5804400749263348     
   8.5828416659578970     
   8.5852383688277740     
   8.5876302514786076     
   8.5900173763897349     
   8.5923998005817754     
   8.5947775756331044     
   8.5971507477080049     
   8.5995193575963018     
   8.6018834407642402     
   8.6042430274163078     
   8.6065981425677585     
   8.6089488061274686     
   8.6112950329908706     
   8.6136368331425803     
   8.6159742117683589     
   8.6183071693760382     
   8.6206357019250195     
   8.6229598009639297     
   8.6252794537760380     
   8.6275946435319462     
   8.6299053494492224     
   8.6322115469583434     
   8.6345132078747060     
   8.6368103005760375     
   8.6391027901848449     
   8.6413906387554285     
   8.6436738054648643     
   8.6459522468076191     
   8.6482259167931606     
   8.6504947671461903     
   8.6527587475089280     
   8.6550178056449720     
   8.6572718876443151     
   8.6595209381289049     
   8.6617649004583903     
   8.6640037169354986     
   8.6662373290106078     
   8.6684656774850524     
   8.6706887027127060     
   8.6729063447993600     
   8.6751185437995453     
   8.6773252399102851     
   8.6795263736614174     
   8.6817218861021033     
   8.6839117189830368     
   8.6860958149341378     
   8.6882741176372456     
   8.6904465719934905     
   8.6926131242850726     
   8.6947737223310995     
   8.6969283156371624     
   8.6990768555384506     
   8.7012192953360312     
   8.7033555904261970     
   8.7054856984225193     
   8.7076095792705459     
   8.7097271953547573     
   8.7118385115978949     
   8.7139434955522468     
   8.7160421174829246     
   8.7181343504429840     
   8.7202201703403084     
   8.7222995559961412     
   8.7243724891953249     
   8.7264389547280956     
   8.7284989404235169     
   8.7305524371745182     
   8.7325994389546189     
   8.7346399428262949     
   8.7366739489411458     
   8.7387014605319244     
   8.7407224838965103     
   8.7427370283739645     
   8.7447451063128039     
   8.7467467330316460     
   8.7487419267724249     
   8.7507307086463086     
   8.7527131025725726     
   8.7546891352106186     
   8.7566588358854052     
   8.7586222365064579     
   8.7605793714808069     
   8.7625302776200620     
   8.7644749940419491     
   8.7664135620665267     
   8.7683460251074603     
   8.7702724285586591     
   8.7721928196765013     
   8.7741072474581010     
   8.7760157625158577     
   8.7779184169486744     
   8.7798152642101659     
   8.7817063589741959     
   8.7835917569981348     
   8.7854715149841560     
   8.7873456904389382     
   8.7892143415321335     
   8.7910775269539450     
   8.7929353057722324     
   8.7947877372893597     
   8.7966348808993420     
   8.7984767959454491     
   8.8003135415787312     
   8.8021451766177776     
   8.8039717594100360     
   8.8057933476950279     
   8.8076099984697986     
   8.8094217678569215     
   8.8112287109753140     
   8.8130308818142762     
   8.8148283331109205     
   8.8166211162313246     
   8.8184092810557804     
   8.8201928758681820     
   8.8219719472499971     
   8.8237465399789894     
   8.8255166969328940     
   8.8272824589982850     
   8.8290438649848291     
   8.8308009515451094     
   8.8325537531002212     
   8.8343023017711939     
   8.8360466273165308     
   8.8377867570758522     
   8.8395227159198946     
   8.8412545262067699     
   8.8429822077448055     
   8.8447057777618205     
   8.8464252508810102     
   8.8481406391034447     
   8.8498519517971506     
   8.8515591956928805     
   8.8532623748864676     
   8.8549614908477583     
   8.8566565424361521     
   8.8583475259225377     
   8.8600344350177451     
   8.8617172609072679     
   8.8633959922922561     
   8.8650706154365544     
   8.8667411142198418     
   8.8684074701965105     
   8.8700696626602777     
   8.8717276687143443     
   8.8733814633468491     
   8.8750310195114857     
   8.8766763082131348     
   8.8783172985981338     
   8.8799539580491107     
   8.8815862522841389     
   8.8832141454598670     
   8.8848376002784768     
   8.8864565780981746     
   8.8880710390469577     
   8.8896809421393801     
   8.8912862453960155     
   8.8928869059654474     
   8.8944828802483027     
   8.8960741240232490     
   8.8976605925745282     
   8.8992422408207528     
   8.9008190234447433     
   8.9023908950239754     
   8.9039578101614847     
   8.9055197236168038     
   8.9070765904367004     
   8.9086283660854679     
   8.9101750065742920     
   8.9117164685896579     
   8.9132527096202612     
   8.9147836880823554     
   8.9163093634430606     
   8.9178296963415224     
   8.9193446487075576     
   8.9208541838775322     
   8.9223582667072723     
   8.9238568636816922     
   8.9253499430209402     
   8.9268374747828378     
   8.9283194309613290     
   8.9297957855808274     
   8.9312665147861701     
   8.9327315969279866     
   8.9341910126434136     
   8.9356447449318317     
   8.9370927792255426     
   8.9385351034552443     
   8.9399717081101624     
   8.9414025862926660     
   8.9428277337673432     
   8.9442471490043118     
   8.9456608332168237     
   8.9470687903929775     
   8.9484710273215295     
   8.9498675536117016     
   8.9512583817070723     
   8.9526435268933611     
   8.9540230073001936     
   8.9553968438969118     
   8.9567650604822688     
   8.9581276836682022     
   8.9594847428576578     
   8.9608362702165305     
   8.9621823006397392     
   8.9635228717116249     
   8.9648580236606747     
   8.9661877993087060     
   8.9675122440145820     
   8.9688314056126668     
   8.9701453343461477     
   8.9714540827952156     
   8.9727577058005092     
   8.9740562603818308     
   8.9753498056522805     
   8.9766384027281738     
   8.9779221146347172     
   8.9792010062078624     
   8.9804751439923240     
   8.9817445961362026     
   8.9830094322822820     
   8.9842697234562756     
   8.9855255419522990     
   8.9867769612157815     
   8.9880240557240345     
   8.9892669008647701     
   8.9905055728128449     
   8.9917401484053965     
   8.9929707050157699     
   8.9941973204263466     
   8.9954200727006626     
   8.9966390400550384     
   8.9978543007299212     
   8.9990659328613596     
   9.0002740143527085     
   9.0014786227469248     
   9.0026798350997019     
   9.0038777278536788     
   9.0050723767140166     
   9.0062638565255142     
   9.0074522411516327     
   9.0086376033555773     
   9.0098200146837080     
   9.0109995453515204     
   9.0121762641323873     
   9.0133502382493322     
   9.0145215332700221     
   9.0156902130051897     
   9.0168563394106478     
   9.0180199724931622     
   9.0191811702203015     
   9.0203399884344524     
   9.0214964807712050     
   9.0226506985821491     
   9.0238026908624018     
   9.0249525041828065     
   9.0261001826271112     
   9.0272457677340743     
   9.0283892984447114     
   9.0295308110547605     
   9.0306703391723637     
   9.0318079136811846     
   9.0329435627088444     
   9.0340773116008659     
   9.0352091829000916     
   9.0363391963316069     
   9.0374673687932034     
   9.0385937143513395     
   9.0397182442426676     
   9.0408409668809977     
   9.0419618878697783     
   9.0430810100199217     
   9.0441983333730924     
   9.0453138552302015     
   9.0464275701851733     
   9.0475394701638461     
   9.0486495444678710     
   9.0497577798236133     
   9.0508641604357880     
   9.0519686680458538     
   9.0530712819949475     
   9.0541719792911799     
   9.0552707346812884     
   9.0563675207263188     
   9.0574623078812415     
   9.0585550645783872     
   9.0596457573144189     
   9.0607343507406846     
   9.0618208077568081     
   9.0629050896072609     
   9.0639871559807137     
   9.0650669651119866     
   9.0661444738863981     
   9.0672196379462235     
   9.0682924117991028     
   9.0693627489281905     
   9.0704306019037499     
   9.0714959224960268     
   9.0725586617891647     
   9.0736187702958695     
   9.0746761980727211     
   9.0757308948357576     
   9.0767828100761925     
   9.0778318931760218     
   9.0788780935232669     
   9.0799213606266651     
   9.0809616442295145     
   9.0819988944225916     
   9.0830330617557422     
   9.0840640973480760     
   9.0850919529964909     
   9.0861165812823295     
   9.0871379356759778     
   9.0881559706392245     
   9.0891706417251097     
   9.0901819056752160     
   9.0911897205141194     
   9.0921940456408272     
   9.0931948419171267     
   9.0941920717526052     
   9.0951856991861870     
   9.0961756899641575     
   9.0971620116143761     
   9.0981446335166858     
   9.0991235269693505     
   9.1000986652513802     
   9.1010700236807249     
   9.1020375796681599     
   9.1030013127668497     
   9.1039612047174518     
   9.1049172394887758     
   9.1058694033138785     
   9.1068176847215518     
   9.1077620745632277     
   9.1087025660351983     
   9.1096391546962092     
   9.1105718384803218     
   9.1115006177051647     
   9.1124254950754882     
   9.1133464756820874     
   9.1142635669961241     
   9.1151767788588423     
   9.1160861234668289     
   9.1169916153527204     
   9.1178932713615488     
   9.1187911106227926     
   9.1196851545180966     
   9.1205754266448995     
   9.1214619527759577     
   9.1223447608149257     
   9.1232238807480996     
   9.1240993445924108     
   9.1249711863397973     
   9.1258394418981919     
   9.1267041490290435     
   9.1275653472817684     
   9.1284230779250795     
   9.1292773838754702     
   9.1301283096229557     
   9.1309759011542582     
   9.1318202058735718     
   9.1326612725211245     
   9.1334991510896906     
   9.1343338927392086     
   9.1351655497097166     
   9.1359941752327831     
   9.1368198234416003     
   9.1376425492799402     
   9.1384624084101596     
   9.1392794571204270     
   9.1400937522313797     
   9.1409053510023988     
   9.1417143110376369     
   9.1425206901920877     
   9.1433245464777979     
   9.1441259379703812     
   9.1449249227161644     
   9.1457215586399432     
   9.1465159034536843     
   9.1473080145662937     
   9.1480979489945700     
   9.1488857632756169     
   9.1496715133807385     
   9.1504552546311348     
   9.1512370416154365     
   9.1520169281092301     
   9.1527949669968134     
   9.1535712101951781     
   9.1543457085805056     
   9.1551185119171734     
   9.1558896687894524     
   9.1566592265360285     
   9.1574272311874001     
   9.1581937274062977     
   9.1589587584311829     
   9.1597223660229901     
   9.1604845904150647     
   9.1612454702664845     
   9.1620050426187927     
   9.1627633428561630     
   9.1635204046691037     
   9.1642762600217456     
   9.1650309391226408     
   9.1657844703992701     
   9.1665368804761567     
   9.1672881941566189     
   9.1680384344082171     
   9.1687876223518252     
   9.1695357772543744     
   9.1702829165252044     
   9.1710290557160565     
   9.1717742085245906     
   9.1725183868014781     
   9.1732616005609664     
   9.1740038579949061     
   9.1747451654900853     
   9.1754855276490019     
   9.1762249473137292     
   9.1769634255930885     
   9.1777009618927590     
   9.1784375539485339     
   9.1791731978623385     
   9.1799078881411074     
   9.1806416177383703     
   9.1813743780983792     
   9.1821061592027267     
   9.1828369496193236     
   9.1835667365535922     
   9.1842955059017619     
   9.1850232423061868     
   9.1857499292124452     
   9.1864755489281826     
   9.1872000826835585     
   9.1879235106930963     
   9.1886458122188372     
   9.1893669656346493     
   9.1900869484915848     
   9.1908057375840713     
   9.1915233090168478     
   9.1922396382724934     
   9.1929547002793743     
   9.1936684694799045     
   9.1943809198989825     
   9.1950920252123911     
   9.1958017588151293     
   9.1965100938894206     
   9.1972170034723515     
   9.1979224605230101     
   9.1986264379888567     
   9.1993289088714043     
   9.2000298462909029     
   9.2007292235500042     
   9.2014270141962218     
   9.2021231920831816     
   9.2028177314303878     
   9.2035106068815349     
   9.2042017935611629     
   9.2048912671296872     
   9.2055790038364922     
   9.2062649805712304     
   9.2069491749130901     
   9.2076315651780156     
   9.2083121304637547     
   9.2089908506927252     
   9.2096677066525778     
   9.2103426800344508     
   9.2110157534688053     
   9.2116869105587860     
   9.2123561359111985     
   9.2130234151648551     
   9.2136887350164169     
   9.2143520832436590     
   9.2150134487261024     
   9.2156728214630679     
   9.2163301925890604     
   9.2169855543865733     
   9.2176389002962225     
   9.2182902249242762     
   9.2189395240475829     
   9.2195867946159176     
   9.2202320347517421     
   9.2208752437474466     
   9.2215164220600929     
   9.2221555713036878     
   9.2227926942390290     
   9.2234277947612124     
   9.2240608778848099     
   9.2246919497267719     
   9.2253210174871612     
   9.2259480894277459     
   9.2265731748485216     
   9.2271962840623072     
   9.2278174283673113     
   9.2284366200180159     
   9.2290538721942283     
   9.2296691989684820     
   9.2302826152718929     
   9.2308941368585451     
   9.2315037802684667     
   9.2321115627893473     
   9.2327175024170547     
   9.2333216178150668     
   9.2339239282729331     
   9.2345244536638162     
   9.2351232144012823     
   9.2357202313954225     
   9.2363155260083598     
   9.2369091200093294     
   9.2375010355293803     
   9.2380912950157956     
   9.2386799211863906     
   9.2392669369837481     
   9.2398523655294760     
   9.2404362300786538     
   9.2410185539744827     
   9.2415993606033382     
   9.2421786733502191     
   9.2427565155547455     
   9.2433329104678119     
   9.2439078812089264     
   9.2444814507243667     
   9.2450536417462370     
   9.2456244767525124     
   9.2461939779280993     
   9.2467621671270361     
   9.2473290658359453     
   9.2478946951386494     
   9.2484590756822502     
   9.2490222276445149     
   9.2495841707027644     
   9.2501449240042355     
   9.2507045061380566     
   9.2512629351087945     
   9.2518202283116366     
   9.2523764025093538     
   9.2529314738108361     
   9.2534854576515517     
   9.2540383687756407     
   9.2545902212199174     
   9.2551410282996258     
   9.2556908025960336     
   9.2562395559459301     
   9.2567872994328688     
   9.2573340433803359     
   9.2578797973467335     
   9.2584245701221697     
   9.2589683697271301     
   9.2595112034129023     
   9.2600530776637910     
   9.2605939982011236     
   9.2611339699889665     
   9.2616729972415452     
   9.2622110834323248     
   9.2627482313047551     
   9.2632844428845473     
   9.2638197194935348     
   9.2643540617649975     
   9.2648874696604491     
   9.2654199424878172     
   9.2659514789209165     
   9.2664820770202319     
   9.2670117342548988     
   9.2675404475258212     
   9.2680682131898955     
   9.2685950270851869     
   9.2691208845571271     
   9.2696457804855434     
   9.2701697093124533     
   9.2706926650706745     
   9.2712146414129677     
   9.2717356316418567     
   9.2722556287399023     
   9.2727746254003804     
   9.2732926140583647     
   9.2738095869219848     
   9.2743255360039818     
   9.2748404531532831     
   9.2753543300866710     
   9.2758671584203949     
   9.2763789297016572     
   9.2768896354399537     
   9.2773992671380707     
   9.2779078163228288     
   9.2784152745753907     
   9.2789216335610689     
   9.2794268850586583     
   9.2799310209890589     
   9.2804340334433437     
   9.2809359147100032     
   9.2814366573014357     
   9.2819362539795929     
   9.2824346977807046     
   9.2829319820390452     
   9.2834281004097257     
   9.2839230468903580     
   9.2844168158417268     
   9.2849094020072389     
   9.2854008005312352     
   9.2858910069760601     
   9.2863800173379438     
   9.2868678280615313     
   9.2873544360532101     
   9.2878398386930190     
   9.2883240338452779     
   9.2888070198678641     
   9.2892887956200774     
   9.2897693604691636     
   9.2902487142954548     
   9.2907268574960771     
   9.2912037909873533     
   9.2916795162057273     
   9.2921540351074050     
   9.2926273501665655     
   9.2930994643722364     
   9.2935703812238497     
   9.2940401047254646     
   9.2945086393787122     
   9.2949759901744464     
   9.2954421625831767     
   9.2959071625442711     
   9.2963709964540246     
   9.2968336711525268     
   9.2972951939094592     
   9.2977555724088479     
   9.2982148147327575     
   9.2986729293440362     
   9.2991299250681489     
   9.2995858110740883     
   9.3000405968545081     
   9.3004942922050358     
   9.3009469072029081     
   9.3013984521849160     
   9.3018489377247366     
   9.3022983746097427     
   9.3027467738172884     
   9.3031941464905632     
   9.3036405039141137     
   9.3040858574890049     
   9.3045302187077450     
   9.3049735991290383     
   9.3054160103523778     
   9.3058574639926110     
   9.3062979716544643     
   9.3067375449071275     
   9.3071761952589753     
   9.3076139341324495     
   9.3080507728391684     
   9.3084867225553598     
   9.3089217942975768     
   9.3093559988989352     
   9.3097893469856867     
   9.3102218489543862     
   9.3106535149496281     
   9.3110843548423343     
   9.3115143782088108     
   9.3119435943104190     
   9.3123720120740945     
   9.3127996400736013     
   9.3132264865116738     
   9.3136525592030441     
   9.3140778655583674     
   9.3145024125691158     
   9.3149262067934782     
   9.3153492543432517     
   9.3157715608718092     
   9.3161931315631197     
   9.3166139711218801     
   9.3170340837647441     
   9.3174534732127032     
   9.3178721426845925     
   9.3182900948917933     
   9.3187073320340588     
   9.3191238557965459     
   9.3195396673480406     
   9.3199547673403025     
   9.3203691559086561     
   9.3207828326737268     
   9.3211957967443535     
   9.3216080467216305     
   9.3220195807041737     
   9.3224303962943935     
   9.3228404906060316     
   9.3232498602726839     
   9.3236585014574302     
   9.3240664098635300     
   9.3244735807461332     
   9.3248800089249766     
   9.3252856887980524     
   9.3256906143562066     
   9.3260947791986446     
   9.3264981765492685     
   9.3269007992738793     
   9.3273026398981198     
   9.3277036906261674     
   9.3281039433601496     
   9.3285033897201846     
   9.3289020210650246     
   9.3292998285133013     
   9.3296968029652003     
   9.3300929351246698     
   9.3304882155220525     
   9.3308826345369784     
   9.3312761824216981     
   9.3316688493245437     
   9.3320606253137370     
   9.3324515004011985     
   9.3328414645665827     
   9.3332305077813018     
   9.3336186200325457     
   9.3340057913472645     
   9.3343920118160284     
   9.3347772716167281     
   9.3351615610380811     
   9.3355448705028437     
   9.3359271905907502     
   9.3363085120610521     
   9.3366888258746794     
   9.3370681232159267     
   9.3374463955136608     
   9.3378236344619676     
   9.3381998320401980     
   9.3385749805324227     
   9.3389490725461677     
   9.3393221010305076     
   9.3396940592933344     
   9.3400649410179017     
   9.3404347402785532     
   9.3408034515555833     
   9.3411710697492119     
   9.3415375901927398     
   9.3419030086646533     
   9.3422673213998788     
   9.3426305251000255     
   9.3429926169426452     
   9.3433535945894661     
   9.3437134561936439     
   9.3440722004059538     
   9.3444298263799208     
   9.3447863337759447     
   9.3451417227643425     
   9.3454959940273081     
   9.3458491487598572     
   9.3462011886696796     
   9.3465521159759355     
   9.3469019334070413     
   9.3472506441973309     
   9.3475982520827952     
   9.3479447612956932     
   9.3482901765582458     
   9.3486345030752744     
   9.3489777465259145     
   9.3493199130543605     
   9.3496610092596839     
   9.3500010421847612     
   9.3503400193043049     
   9.3506779485120770     
   9.3510148381072451     
   9.3513506967799902     
   9.3516855335963438     
   9.3520193579822770     
   9.3523521797071894     
   9.3526840088666390     
   9.3530148558645472     
   9.3533447313947988     
   9.3536736464223296     
   9.3540016121636995     
   9.3543286400672621     
   9.3546547417928760     
   9.3549799291913160     
   9.3553042142833256     
   9.3556276092384127     
   9.3559501263534202     
   9.3562717780309317     
   9.3565925767575049     
   9.3569125350818609     
   9.3572316655929768     
   9.3575499808982308     
   9.3578674936015709     
   9.3581842162817708     
   9.3585001614708236     
   9.3588153416325213     
   9.3591297691412567     
   9.3594434562610758     
   9.3597564151250694     
   9.3600686577150718     
   9.3603801958418043     
   9.3606910411253654     
   9.3610012049762634     
   9.3613106985769416     
   9.3616195328637843     
   9.3619277185097420     
   9.3622352659075823     
   9.3625421851537283     
   9.3628484860327887     
   9.3631541780027909     
   9.3634592701811190     
   9.3637637713312216     
   9.3640676898500672     
   9.3643710337564006     
   9.3646738106798431     
   9.3649760278507834     
   9.3652776920911105     
   9.3655788098058785     
   9.3658793869757595     
   9.3661794291504492     
   9.3664789414429137     
   9.3667779285246073     
   9.3670763946215096     
   9.3673743435111678     
   9.3676717785205632     
   9.3679687025249603     
   9.3682651179476135     
   9.3685610267604069     
   9.3688564304853674     
   9.3691513301971074     
   9.3694457265261146     
   9.3697396196628926     
   9.3700330093630129     
   9.3703258949529538     
   9.3706182753367919     
   9.3709101490036879     
   9.3712015140361444     
   9.3714923681190534     
   9.3717827085494534     
   9.3720725322470315     
   9.3723618357652843     
   9.3726506153033746     
   9.3729388667185898     
   9.3732265855394186     
   9.3735137669792223     
   9.3738004059504210     
   9.3740864970791904     
   9.3743720347206594     
   9.3746570129745415     
   9.3749414257011612     
   9.3752252665378624     
   9.3755085289157645     
   9.3757912060768245     
   9.3760732910911297     
   9.3763547768744360     
   9.3766356562059308     
   9.3769159217460789     
   9.3771955660546631     
   9.3774745816088085     
   9.3777529608211587     
   9.3780306960579463     
   9.3783077796571241     
   9.3785842039463247     
   9.3788599612608277     
   9.3791350439612824     
   9.3794094444513263     
   9.3796831551949165     
   9.3799561687334982     
   9.3802284777028397     
   9.3805000748495377     
   9.3807709530472554     
   9.3810411053124927     
   9.3813105248200248     
   9.3815792049178572     
   9.3818471391417475     
   9.3821143212292455     
   9.3823807451331938     
   9.3826464050347163     
   9.3829112953556297     
   9.3831754107702885     
   9.3834387462168376     
   9.3837012969078106     
   9.3839630583401430     
   9.3842240263044800     
   9.3844841968938670     
   9.3847435665117285     
   9.3850021318791850     
   9.3852598900416329     
   9.3855168383746701     
   9.3857729745892495     
   9.3860282967361695     
   9.3862828032098005     
   9.3865364927510928     
   9.3867893644498981     
   9.3870414177465236     
   9.3872926524325724     
   9.3875430686510999     
   9.3877926668959972     
   9.3880414480107568     
   9.3882894131864649     
   9.3885365639591267     
   9.3887829022063674     
   9.3890284301433873     
   9.3892731503183473     
   9.3895170656070714     
   9.3897601792071566     
   9.3900024946314442     
   9.3902440157010112     
   9.3904847465374477     
   9.3907246915547500     
   9.3909638554505612     
   9.3912022431970250     
   9.3914398600310918     
   9.3916767114444291     
   9.3919128031728487     
   9.3921481411854053     
   9.3923827316730719     
   9.3926165810371067     
   9.3928496958770591     
   9.3930820829785411     
   9.3933137493007113     
   9.3935447019635046     
   9.3937749482347002     
   9.3940044955168087     
   9.3942333513337708     
   9.3944615233176059     
   9.3946890191949262     
   9.3949158467734097     
   9.3951420139282540     
   9.3953675285886149     
   9.3955923987240926     
   9.3958166323312557     
   9.3960402374202676     
   9.3962632220016111     
   9.3964855940729848     
   9.3967073616063264     
   9.3969285325350622     
   9.3971491147415396     
   9.3973691160447483     
   9.3975885441882738     
   9.3978074068285693     
   9.3980257115234860     
   9.3982434657212135     
   9.3984606767495187     
   9.3986773518053788     
   9.3988934979450054     
   9.3991091220742966     
   9.3993242309396532     
   9.3995388311193491     
   9.3997529290152109     
   9.3999665308449387     
   9.4001796426347504     
   9.4003922702126239     
   9.4006044192020060     
   9.4008160950160171     
   9.4010273028522136     
   9.4012380476878477     
   9.4014483342756670     
   9.4016581671402548     
   9.4018675505748739     
   9.4020764886389419     
   9.4022849851558910     
   9.4024930437117256     
   9.4027006676540168     
   9.4029078600914566     
   9.4031146238939538     
   9.4033209616932396     
   9.4035268758839745     
   9.4037323686254126     
   9.4039374418435013     
   9.4041420972335263     
   9.4043463362631954     
   9.4045501601762336     
   9.4047535699963785     
   9.4049565665318671     
   9.4051591503803262     
   9.4053613219340537     
   9.4055630813857629     
   9.4057644287346385     
   9.4059653637927507     
   9.4061658861919000     
   9.4063659953906793     
   9.4065656906819068     
   9.4067649712003227     
   9.4069638359305827     
   9.4071622837154152     
   9.4073603132641193     
   9.4075579231611535     
   9.4077551118749891     
   9.4079518777670721     
   9.4081482191009496     
   9.4083441340515002     
   9.4085396207142402     
   9.4087346771147509     
   9.4089293012180928     
   9.4091234909383239     
   9.4093172441478927     
   9.4095105586871846     
   9.4097034323739024     
   9.4098958630124088     
   9.4100878484030517     
   9.4102793863513003     
   9.4104704746768277     
   9.4106611112224208     
   9.4108512938627360     
   9.4110410205128758     
   9.4112302891367570     
   9.4114190977553029     
   9.4116074444543365     
   9.4117953273923067     
   9.4119827448076823     
   9.4121696950261047     
   9.4123561764672363     
   9.4125421876513133     
   9.4127277272053611     
   9.4129127938690935     
   9.4130973865004783     
   9.4132815040809419     
   9.4134651457202150     
   9.4136483106607969     
   9.4138309982821067     
   9.4140132081041266     
   9.4141949397908373     
   9.4143761931530783     
   9.4145569681511603     
   9.4147372648969760     
   9.4149170836557889     
   9.4150964248475795     
   9.4152752890479761     
   9.4154536769888626     
   9.4156315895584939     
   9.4158090278013162     
   9.4159859929172907     
   9.4161624862609177     
   9.4163385093398695     
   9.4165140638131941     
   9.4166891514892157     
   9.4168637743230601     
   9.4170379344138091     
   9.4172116340013332     
   9.4173848754628047     
   9.4175576613088676     
   9.4177299941795134     
   9.4179018768396681     
   9.4180733121744868     
   9.4182443031843786     
   9.4184148529797937     
   9.4185849647757358     
   9.4187546418860943     
   9.4189238877177104     
   9.4190927057643030     
   9.4192610996001971     
   9.4194290728738324     
   9.4195966293012514     
   9.4197637726593051     
   9.4199305067788774     
   9.4200968355379455     
   9.4202627628545414     
   9.4204282926797394     
   9.4205934289904967     
   9.4207581757825363     
   9.4209225370632108     
   9.4210865168443387     
   9.4212501191350970     
   9.4214133479349496     
   9.4215762072266109     
   9.4217387009691294     
   9.4219008330910192     
   9.4220626074835145     
   9.4222240279939307     
   9.4223850984191948     
   9.4225458224995009     
   9.4227062039121048     
   9.4228662462653876     
   9.4230259530930027     
   9.4231853278483015     
   9.4233443738989422     
   9.4235030945217382     
   9.4236614928977591     
   9.4238195721076448     
   9.4239773351272351     
   9.4241347848233818     
   9.4242919239501610     
   9.4244487551452352     
   9.4246052809266239     
   9.4247615036896715     
   9.4249174257044306     
   9.4250730491132266     
   9.4252283759286382     
   9.4253834080317542     
   9.4255381471707231     
   9.4256925949596866     
   9.4258467528779590     
   9.4260006222696049     
   9.4261542043432520     
   9.4263075001723244     
   9.4264605106954935     
   9.4266132367175235     
   9.4267656789103818     
   9.4269178378146741     
   9.4270697138413748     
   9.4272213072738857     
   9.4273726182703221     
   9.4275236468661721     
   9.4276743929771332     
   9.4278248564023119     
   9.4279750368276325     
   9.4281249338294923     
   9.4282745468786899     
   9.4284238753445759     
   9.4285729184994018     
   9.4287216755229171     
   9.4288701455071315     
   9.4290183274612964     
   9.4291662203170326     
   9.4293138229336062     
   9.4294611341034429     
   9.4296081525576465     
   9.4297548769717388     
   9.4299013059714856     
   9.4300474381387733     
   9.4301932720176378     
   9.4303388061203037     
   9.4304840389332867     
   9.4306289689235534     
   9.4307735945447106     
   9.4309179142431390     
   9.4310619264642064     
   9.4312056296584110     
   9.4313490222874954     
   9.4314921028305463     
   9.4316348697899635     
   9.4317773216974405     
   9.4319194571197897     
   9.4320612746646919     
   9.4322027729863205     
   9.4323439507908677     
   9.4324848068418969     
   9.4326253399655400     
   9.4327655490555760     
   9.4329054330782949     
   9.4330449910771890     
   9.4331842221774433     
   9.4333231255902490     
   9.4334617006168582     
   9.4335999466524569     
   9.4337378631897835     
   9.4338754498225192     
   9.4340127062484349     
   9.4341496322722858     
   9.4342862278084141     
   9.4344224928831686     
   9.4345584276369721     
   9.4346940323261652     
   9.4348293073245664     
   9.4349642531247540     
   9.4350988703390559     
   9.4352331597002763     
   9.4353671220621269     
   9.4355007583993835     
   9.4356340698077581     
   9.4357670575034867     
   9.4358997228226578     
   9.4360320672201929     
   9.4361640922686902     
   9.4362957996568309     
   9.4364271911876543     
   9.4365582687764782     
   9.4366890344486531     
   9.4368194903369496     
   9.4369496386788008     
   9.4370794818132708     
   9.4372090221777771     
   9.4373382623045998     
   9.4374672048171959     
   9.4375958524262753     
   9.4377242079256920     
   9.4378522741881845     
   9.4379800541608319     
   9.4381075508604972     
   9.4382347673689679     
   9.4383617068280437     
   9.4384883724344562     
   9.4386147674346468     
   9.4387408951194853     
   9.4388667588188255     
   9.4389923618960232     
   9.4391177077423496     
   9.4392427997713568     
   9.4393676414131864     
   9.4394922361088174     
   9.4396165873043500     
   9.4397406984452026     
   9.4398645729703450     
   9.4399882143065543     
   9.4401116258626629     
   9.4402348110238723     
   9.4403577731460953     
   9.4404805155503588     
   9.4406030415172868     
   9.4407253542816907     
   9.4408474570271981     
   9.4409693528810283     
   9.4410910449088981     
   9.4412125361100010     
   9.4413338294121978     
   9.4414549276672730     
   9.4415758336464339     
   9.4416965500359158     
   9.4418170794327789     
   9.4419374243409244     
   9.4420575871672217     
   9.4421775702179538     
   9.4422973756953361     
   9.4424170056943773     
   9.4425364621998611     
   9.4426557470836112     
   9.4427748621019685     
   9.4428938088934782     
   9.4430125889768934     
   9.4431312037493331     
   9.4432496544847222     
   9.4433679423325199     
   9.4434860683166235     
   9.4436040333345890     
   9.4437218381570496     
   9.4438394834274657     
   9.4439569696620396     
   9.4440742972499301     
   9.4441914664537183     
   9.4443084774101234     
   9.4444253301309526     
   9.4445420245042797     
   9.4446585602959310     
   9.4447749371511343     
   9.4448911545964176     
   9.4450072120417889     
   9.4451231087830649     
   9.4452388440044697     
   9.4453544167814076     
   9.4454698260834924     
   9.4455850707776854     
   9.4457001496317350     
   9.4458150613177008     
   9.4459298044157123     
   9.4460443774178735     
   9.4461587787323165     
   9.4462730066874041     
   9.4463870595361161     
   9.4465009354604828     
   9.4466146325762033     
   9.4467281489373551     
   9.4468414825412044     
   9.4469546313330746     
   9.4470675932113490     
   9.4471803660325016     
   9.4472929476162051     
   9.4474053357504584     
   9.4475175281967836     
   9.4476295226954292     
   9.4477413169705819     
   9.4478529087356034     
   9.4479642956982453     
   9.4480754755658296     
   9.4481864460504497     
   9.4482972048740663     
   9.4484077497736152     
   9.4485180785060177     
   9.4486281888531174     
   9.4487380786265902     
   9.4488477456727011     
   9.4489571878769709     
   9.4490664031687928     
   9.4491753895258750     
   9.4492841449785558     
   9.4493926676140489     
   9.4495009555804668     
   9.4496090070907446     
   9.4497168204264170     
   9.4498243939411548     
   9.4499317260642766     
   9.4500388153039143     
   9.4501456602501221     
   9.4502522595777734     
   9.4503586120491931     
   9.4504647165167306     
   9.4505705719249722     
   9.4506761773129000     
   9.4507815318157355     
   9.4508866346666540     
   9.4509914851982035     
   9.4510960828435948     
   9.4512004271377172     
   9.4513045177179720     
   9.4514083543248884     
   9.4515119368024791     
   9.4516152650984733     
   9.4517183392642270     
   9.4518211594544930     
   9.4519237259269691     
   9.4520260390416233     
   9.4521280992598040     
   9.4522299071431952     
   9.4523314633524933     
   9.4524327686459646     
   9.4525338238778023     
   9.4526346299962078     
   9.4527351880414425     
   9.4528354991435517     
   9.4529355645200361     
   9.4530353854732709     
   9.4531349633878321     
   9.4532342997276437     
   9.4533333960329671     
   9.4534322539172653     
   9.4535308750639864     
   9.4536292612231065     
   9.4537274142076928     
   9.4538253358902704     
   9.4539230281991156     
   9.4540204931144736     
   9.4541177326646775     
   9.4542147489222064     
   9.4543115439996654     
   9.4544081200457395     
   9.4545044792410575     
   9.4546006237940432     
   9.4546965559367742     
   9.4547922779207170     
   9.4548877920125900     
   9.4549831004900966     
   9.4550782056377507     
   9.4551731097426899     
   9.4552678150904867     
   9.4553623239610509     
   9.4554566386245078     
   9.4555507613371841     
   9.4556446943375949     
   9.4557384398425555     
   9.4558320000433351     
   9.4559253771018490     
   9.4560185731470465     
   9.4561115902712825     
   9.4562044305268493     
   9.4562970959226309     
   9.4563895884207980     
   9.4564819099337090     
   9.4565740623208985     
   9.4566660473861752     
   9.4567578668749039     
   9.4568495224713942     
   9.4569410157964473     
   9.4570323484050416     
   9.4571235217842187     
   9.4572145373510299     
   9.4573053964507583     
   9.4573961003552132     
   9.4574866502612345     
   9.4575770472893517     
   9.4576672924826077     
   9.4577573868055715     
   9.4578473311434959     
   9.4579371263016352     
   9.4580267730047982     
   9.4581162718969960     
   9.4582056235413052     
   9.4582948284198807     
   9.4583838869341417     
   9.4584727994051416     
   9.4585615660740512     
   9.4586501871028723     
   9.4587386625752252     
   9.4588269924974071     
   9.4589151767994792     
   9.4590032153365673     
   9.4590911078903428     
   9.4591788541705384     
   9.4592664538167064     
   9.4593539064000414     
   9.4594412114253714     
   9.4595283683332116     
   9.4596153765020272     
   9.4597022352505089     
   9.4597889438400014     
   9.4598755014770450     
   9.4599619073159698     
   9.4600481604615894     
   9.4601342599719977     
   9.4602202048614039     
   9.4603059941030523     
   9.4603916266321946     
   9.4604771013491220     
   9.4605624171222473     
   9.4606475727911921     
   9.4607325671699485     
   9.4608173990500362     
   9.4609020672037047     
   9.4609865703871012     
   9.4610709073434993     
   9.4611550768064685     
   9.4612390775030857     
   9.4613229081570793     
   9.4614065674919878     
   9.4614900542342681     
   9.4615733671164008     
   9.4616565048798762     
   9.4617394662782210     
   9.4618222500799245     
   9.4619048550712890     
   9.4619872800592617     
   9.4620695238741472     
   9.4621515853722578     
   9.4622334634385172     
   9.4623151569889110     
   9.4623966649728999     
   9.4624779863757080     
   9.4625591202205257     
   9.4626400655705982     
   9.4627208215312208     
   9.4628013872515986     
   9.4628817619266030     
   9.4629619447984492     
   9.4630419351581576     
   9.4631217323470178     
   9.4632013357578249     
   9.4632807448360516     
   9.4633599590808668     
   9.4634389780460193     
   9.4635178013406325     
   9.4635964286298240     
   9.4636748596352191     
   9.4637530941353418     
   9.4638311319658452     
   9.4639089730196524     
   9.4639866172469365     
   9.4640640646550160     
   9.4641413153080585     
   9.4642183693267476     
   9.4642952268877316     
   9.4643718882230630     
   9.4644483536194013     
   9.4645246234172138     
   9.4646006980097948     
   9.4646765778421873     
   9.4647522634100394     
   9.4648277552582982     
   9.4649030539798726     
   9.4649781602141552     
   9.4650530746454571     
   9.4651277980014079     
   9.4652023310512163     
   9.4652766746038726     
   9.4653508295063133     
   9.4654247966414768     
   9.4654985769263220     
   9.4655721713097840     
   9.4656455807706603     
   9.4657188063155218     
   9.4657918489764867     
   9.4658647098090114     
   9.4659373898896888     
   9.4660098903139307     
   9.4660822121936992     
   9.4661543566552293     
   9.4662263248366969     
   9.4662981178859056     
   9.4663697369580184     
   9.4664411832132114     
   9.4665124578144280     
   9.4665835619250878     
   9.4666544967068660     
   9.4667252633174481     
   9.4667958629083984     
   9.4668662966229640     
   9.4669365655940165     
   9.4670066709419842     
   9.4670766137728428     
   9.4671463951761883     
   9.4672160162233610     
   9.4672854779655733     
   9.4673547814322330     
   9.4674239276291932     
   9.4674929175371965     
   9.4675617521103064     
   9.4676304322744826     
   9.4676989589262011     
   9.4677673329311816     
   9.4678355551231874     
   9.4679036263029364     
   9.4679715472370791     
   9.4680393186572651     
   9.4681069412593750     
   9.4681744157027303     
   9.4682417426095054     
   9.4683089225641908     
   9.4683759561131495     
   9.4684428437642811     
   9.4685095859868156     
   9.4685761832111410     
   9.4686426358287932     
   9.4687089441924872     
   9.4687751086163079     
   9.4688411293759245     
   9.4689070067089514     
   9.4689727408154116     
   9.4690383318582203     
   9.4691037799638309     
   9.4691690852229353     
   9.4692342476912685     
   9.4692992673904470     
   9.4693641443089458     
   9.4694288784031340     
   9.4694934695983566     
   9.4695579177901283     
   9.4696222228453504     
   9.4696863846036550     
   9.4697504028787272     
   9.4698142774597649     
   9.4698780081129392     
   9.4699415945829273     
   9.4700050365944719     
   9.4700683338540124     
   9.4701314860513168     
   9.4701944928612054     
   9.4702573539452004     
   9.4703200689533276     
   9.4703826375258373     
   9.4704450592949918     
   9.4705073338868626     
   9.4705694609231141     
   9.4706314400227978     
   9.4706932708041531     
   9.4707549528864270     
   9.4708164858916106     
   9.4708778694462588     
   9.4709391031831878     
   9.4710001867432716     
   9.4710611197770866     
   9.4711219019466224     
   9.4711825329269175     
   9.4712430124076565     
   9.4713033400947424     
   9.4713635157118148     
   9.4714235390017407     
   9.4714834097279805     
   9.4715431276760302     
   9.4716026926546846     
   9.4716621044972964     
   9.4717213630629740     
   9.4717804682377160     
   9.4718394199354385     
   9.4718982180989766     
   9.4719568627010240     
   9.4720153537449363     
   9.4720736912655195     
   9.4721318753297279     
   9.4721899060372667     
   9.4722477835211194     
   9.4723055079480289     
   9.4723630795188392     
   9.4724204984688285     
   9.4724777650678664     
   9.4725348796205946     
   9.4725918424664588     
   9.4726486539796575     
   9.4727053145690636     
   9.4727618246779848     
   9.4728181847839394     
   9.4728743953982626     
   9.4729304570656865     
   9.4729863703638397     
   9.4730421359026717     
   9.4730977543237671     
   9.4731532262996563     
   9.4732085525329879     
   9.4732637337556778     
   9.4733187707279711     
   9.4733736642374513     
   9.4734284150979988     
   9.4734830241486492     
   9.4735374922524542     
   9.4735918202952494     
   9.4736460091843853     
   9.4737000598473990     
   9.4737539732306786     
   9.4738077502980556     
   9.4738613920293577     
   9.4739148994189382     
   9.4739682734742061     
   9.4740215152140550     
   9.4740746256673631     
   9.4741276058713702     
   9.4741804568701546     
   9.4742331797129715     
   9.4742857754527243     
   9.4743382451442706     
   9.4743905898428888     
   9.4744428106026159     
   9.4744949084746803     
   9.4745468845058785     
   9.4745987397370222     
   9.4746504752013720     
   9.4747020919230707     
   9.4747535909156646     
   9.4748049731805644     
   9.4748562397056411     
   9.4749073914637183     
   9.4749584294112683     
   9.4750093544869998     
   9.4750601676105592     
   9.4751108696812789     
   9.4751614615769402     
   9.4752119441526208     
   9.4752623182395688     
   9.4753125846441542     
   9.4753627441468531     
   9.4754127975013063     
   9.4754627454334432     
   9.4755125886406582     
   9.4755623277910619     
   9.4756119635227698     
   9.4756614964433101     
   9.4757109271290396     
   9.4757602561246994     
   9.4758094839429514     
   9.4758586110640746     
   9.4759076379356717     
   9.4759565649724919     
   9.4760053925562620     
   9.4760541210356930     
   9.4761027507264330     
   9.4761512819111999     
   9.4761997148399164     
   9.4762480497299535     
   9.4762962867664413     
   9.4763444261025995     
   9.4763924678602152     
   9.4764404121301418     
   9.4764882589728447     
   9.4765360084190586     
   9.4765836604704887     
   9.4766312151005394     
   9.4766786722551704     
   9.4767260318537421     
   9.4767732937899503     
   9.4768204579328170     
   9.4768675241277194     
   9.4769144921974569     
   9.4769613619434097     
   9.4770081331466578     
   9.4770548055692512     
   9.4771013789553837     
   9.4771478530327489     
   9.4771942275137970     
   9.4772405020971071     
   9.4772866764687382     
   9.4773327503036313     
   9.4773787232670141     
   9.4774245950158189     
   9.4774703652001442     
   9.4775160334646706     
   9.4775615994501710     
   9.4776070627949185     
   9.4776524231361705     
   9.4776976801116426     
   9.4777428333609315     
   9.4777878825269823     
   9.4778328272575241     
   9.4778776672064851     
   9.4779224020353752     
   9.4779670314147051     
   9.4780115550253008     
   9.4780559725596714     
   9.4781002837232862     
   9.4781444882358468     
   9.4781885858325534     
   9.4782325762652526     
   9.4782764593036273     
   9.4783202347363176     
   9.4783639023719743     
   9.4784074620403018     
   9.4784509135930293     
   9.4784942569048507     
   9.4785374918742686     
   9.4785806184244628     
   9.4786236365040235     
   9.4786665460876875     
   9.4787093471769825     
   9.4787520398007885     
   9.4787946240159400     
   9.4788370999076541     
   9.4788794675899233     
   9.4789217272059254     
   9.4789638789282549     
   9.4790059229591765     
   9.4790478595307661     
   9.4790896889050202     
   9.4791314113738814     
   9.4791730272592005     
   9.4792145369126519     
   9.4792559407155714     
   9.4792972390787327     
   9.4793384324420824     
   9.4793795212743621     
   9.4794205060727510     
   9.4794613873623685     
   9.4795021656957772     
   9.4795428416524103     
   9.4795834158379222     
   9.4796238888835269     
   9.4796642614452491     
   9.4797045342031581     
   9.4797447078605206     
   9.4797847831429340     
   9.4798247607973867     
   9.4798646415913268     
   9.4799044263116130     
   9.4799441157635300     
   9.4799837107696590     
   9.4800232121688044     
   9.4800626208148344     
   9.4801019375755313     
   9.4801411633313819     
   9.4801802989743642     
   9.4802193454067218     
   9.4802583035397223     
   9.4802971742923479     
   9.4803359585900608     
   9.4803746573634857     
   9.4804132715471230     
   9.4804518020780506     
   9.4804902498946291     
   9.4805286159351851     
   9.4805669011367080     
   9.4806051064336128     
   9.4806432327563961     
   9.4806812810304120     
   9.4807192521745929     
   9.4807571471002383     
   9.4807949667097677     
   9.4808327118955535     
   9.4808703835387327     
   9.4809079825080769     
   9.4809455096588593     
   9.4809829658317781     
   9.4810203518519192     
   9.4810576685277237     
   9.4810949166500009     
   9.4811320969910149     
   9.4811692103035377     
   9.4812062573200571     
   9.4812432387518939     
   9.4812801552884753     
   9.4813170075965907     
   9.4813537963197341     
   9.4813905220774455     
   9.4814271854647725     
   9.4814637870516911     
   9.4815003273826903     
   9.4815368069763117     
   9.4815732263247678     
   9.4816095858936578     
   9.4816458861216777     
   9.4816821274204148     
   9.4817183101741875     
   9.4817544347399529     
   9.4817905014472359     
   9.4818265105981663     
   9.4818624624674879     
   9.4818983573027058     
   9.4819341953242233     
   9.4819699767255798     
   9.4820057016736765     
   9.4820413703091244     
   9.4820769827465821     
   9.4821125390751728     
   9.4821480393589450     
   9.4821834836373551     
   9.4822188719258360     
   9.4822542042163622     
   9.4822894804780908     
   9.4823247006580207     
   9.4823598646817029     
   9.4823949724540011     
   9.4824300238598109     
   9.4824650187649251     
   9.4824999570168558     
   9.4825348384456856     
   9.4825696628649805     
   9.4826044300726906     
   9.4826391398521093     
   9.4826737919728252     
   9.4827083861916943     
   9.4827429222538626     
   9.4827773998937328     
   9.4828118188360211     
   9.4828461787967733     
   9.4828804794844039     
   9.4829147206007374     
   9.4829489018420592     
   9.4829830229001519     
   9.4830170834633556     
   9.4830510832175907     
   9.4830850218474030     
   9.4831188990369810     
   9.4831527144712098     
   9.4831864678366067     
   9.4832201588223644     
   9.4832537871213241     
   9.4832873524309100     
   9.4833208544540692     
   9.4833542929002075     
   9.4833876674860331     
   9.4834209779364951     
   9.4834542239855555     
   9.4834874053770246     
   9.4835205218653513     
   9.4835535732163603     
   9.4835865592079696     
   9.4836194796308906     
   9.4836523342892374     
   9.4836851230011785     
   9.4837178455994966     
   9.4837505019321249     
   9.4837830918626338     
   9.4838156152707196     
   9.4838480720525826     
   9.4838804621213324     
   9.4839127854073269     
   9.4839450418584370     
   9.4839772314403206     
   9.4840093541366493     
   9.4840414099492261     
   9.4840733988981665     
   9.4841053210219464     
   9.4841371763774376     
   9.4841689650399577     
   9.4842006871031561     
   9.4842323426789914     
   9.4842639318975870     
   9.4842954549070519     
   9.4843269118732962     
   9.4843583029798015     
   9.4843896284273033     
   9.4844208884335348     
   9.4844520832328048     
   9.4844832130756718     
   9.4845142782285077     
   9.4845452789730356     
   9.4845762156058431     
   9.4846070884379046     
   9.4846378977940073     
   9.4846686440121992     
   9.4846993274431934     
   9.4847299484497487     
   9.4847605074060315     
   9.4847910046969712     
   9.4848214407175409     
   9.4848518158721209     
   9.4848821305737143     
   9.4849123852432982     
   9.4849425803090082     
   9.4849727162054425     
   9.4850027933728711     
   9.4850328122564971     
