(  0.0000000000000000,  0.0000000000000000) (  1.0000000000000000,  0.0000000000000000) (  0.0000000000000000,  0.0000000000000000) (  0.0000000000000000,  0.0000000000000000) (  1.0000000000000000,  0.0000000000000000) (  0.0000000000000000,  0.0000000000000000) (  0.0000000000000000,  0.0000000000000000) (  0.0000000000000000,  0.0000000000000000) (  0.0000000000000000,  0.0000000000000000) (  0.0000000000000000,  0.0000000000000000) (  0.0000000000000000,  0.0000000000000000) (  1.0000000000000000,  0.0000000000000000) (  0.0000000000000000,  0.0000000000000000 ) (  0.0000000000000000,  0.0000000000000000) (  1.0000000000000000,  0.0000000000000000 ) (  0.0000000000000000,  0.0000000000000000)

(  0.0000000000000000,  0.0000000000000000) ( -1.0000000000000000, -1.1128354015365895E-016) (  0.0000000000000000,  0.0000000000000000) (  0.0000000000000000,  0.0000000000000000) ( -1.0000000000000000,  1.1128354015365895E-016) (  0.0000000000000000,  0.0000000000000000) (  0.0000000000000000,  0.0000000000000000) (  0.0000000000000000,  0.0000000000000000) (  0.0000000000000000,  0.0000000000000000) (  0.0000000000000000,  0.0000000000000000) (  0.0000000000000000,  0.0000000000000000) ( -1.0000000000000044,  1.1021246650505734E-014) (  0.0000000000000000,  0.0000000000000000) (  0.0000000000000000,  0.0000000000000000) ( -1.0000000000000044, -1.1021246650505734E-014) (  0.0000000000000000,  0.0000000000000000)

(  0.0000000000000000,  0.0000000000000000) ( -0.0000000000000000, -1.0000000000000000) (  0.0000000000000000,  0.0000000000000000) (  0.0000000000000000,  0.0000000000000000) (  0.0000000000000000,  1.0000000000000000) (  0.0000000000000000,  0.0000000000000000) (  0.0000000000000000,  0.0000000000000000) (  0.0000000000000000,  0.0000000000000000) (  0.0000000000000000,  0.0000000000000000) (  0.0000000000000000,  0.0000000000000000) (  0.0000000000000000,  0.0000000000000000) ( -0.0000000000000000, -1.0000000000000000) (  0.0000000000000000,  0.0000000000000000) (  0.0000000000000000,  0.0000000000000000) (  0.0000000000000000,  1.0000000000000000) (  0.0000000000000000,  0.0000000000000000)
 
(  0.0000000000000000,  0.0000000000000000) ( -1.1128354015365895E-016,  1.0000000000000000) (  0.0000000000000000,  0.0000000000000000) (  0.0000000000000000,  0.0000000000000000) ( -1.1128354015365895E-016, -1.0000000000000000) (  0.0000000000000000,  0.0000000000000000) (  0.0000000000000000,  0.0000000000000000) (  0.0000000000000000,  0.0000000000000000) (  0.0000000000000000,  0.0000000000000000) (  0.0000000000000000,  0.0000000000000000) (  0.0000000000000000,  0.0000000000000000) (  1.1021246650505734E-014,  1.0000000000000044) (  0.0000000000000000,  0.0000000000000000) (  0.0000000000000000,  0.0000000000000000) (  1.1021246650505734E-014, -1.0000000000000044) (  0.0000000000000000,  0.0000000000000000)

(  1.0000000000000000,  0.0000000000000000) (  0.0000000000000000,  0.0000000000000000) (  0.0000000000000000,  0.0000000000000000) (  0.0000000000000000,  0.0000000000000000) (  0.0000000000000000,  0.0000000000000000) ( -1.0000000000000000,  0.0000000000000000) (  0.0000000000000000,  0.0000000000000000) ( -0.0000000000000000,  0.0000000000000000) (  0.0000000000000000,  0.0000000000000000) (  0.0000000000000000,  0.0000000000000000) (  1.0000000000000000,  0.0000000000000000) (  0.0000000000000000,  0.0000000000000000) (  0.0000000000000000,  0.0000000000000000) ( -0.0000000000000000,  0.0000000000000000) (  0.0000000000000000,  0.0000000000000000) ( -1.0000000000000000,  0.0000000000000000)
 
(  1.0000000000000000,  0.0000000000000000) (  0.0000000000000000,  0.0000000000000000) (  0.0000000000000000,  0.0000000000000000) (  0.0000000000000000,  0.0000000000000000) (  0.0000000000000000,  0.0000000000000000) ( -1.0000000000000000,  0.0000000000000000) (  0.0000000000000000,  0.0000000000000000) (  0.0000000000000000,  0.0000000000000000) (  0.0000000000000000,  0.0000000000000000) (  0.0000000000000000,  0.0000000000000000) (  1.0000000000000089,  0.0000000000000000) (  0.0000000000000000,  0.0000000000000000) (  0.0000000000000000,  0.0000000000000000) (  0.0000000000000000,  0.0000000000000000) (  0.0000000000000000,  0.0000000000000000) ( -1.0000000000000000,  0.0000000000000000)

(  0.0000000000000000,  0.0000000000000000) (  0.0000000000000000,  0.0000000000000000) (  0.0000000000000000,  0.0000000000000000) (  0.0000000000000000,  0.0000000000000000) (  0.0000000000000000,  0.0000000000000000) (  0.0000000000000000,  0.0000000000000000) ( -4.4408920985006262E-016, -1.0909963110352076E-015) (  0.0000000000000000,  0.0000000000000000) (  0.0000000000000000,  0.0000000000000000) ( -4.4408920985006262E-016,  1.0909963110352076E-015) ( -1.3322676295501878E-014,  0.0000000000000000) (  0.0000000000000000,  0.0000000000000000) (  0.0000000000000000,  0.0000000000000000) (  0.0000000000000000,  0.0000000000000000) (  0.0000000000000000,  0.0000000000000000) (  0.0000000000000000,  0.0000000000000000)
 
( -1.0000000000000000, -1.1128354015365895E-016) (  0.0000000000000000,  0.0000000000000000) (  0.0000000000000000,  0.0000000000000000) (  0.0000000000000000,  0.0000000000000000) (  0.0000000000000000,  0.0000000000000000) (  1.0000000000000000,  0.0000000000000000) (  0.0000000000000000,  0.0000000000000000) (  0.0000000000000000,  0.0000000000000000) (  0.0000000000000000,  0.0000000000000000) (  0.0000000000000000,  0.0000000000000000) (  1.0000000000000044, -1.0909963110352075E-014) (  0.0000000000000000,  0.0000000000000000) (  0.0000000000000000,  0.0000000000000000) (  0.0000000000000000,  0.0000000000000000) (  0.0000000000000000,  0.0000000000000000) ( -1.0000000000000000, -1.1128354015365895E-016)
