   1.0000000000000000     
   1.0000000000000000     
   1.0000000000000000     
   1.0000000000000000     
   1.0000000000000000     
   1.0000000000000000     
   1.0000000000000000     
  0.99999999999999989     
   1.0000000000000000     
   1.0000000000000000     
   1.0000000000000000     
  0.99999999999999989     
   1.0000000000000000     
   1.0000000000000000     
   1.0000000000000000     
   1.0000000000000000     
   1.0000000000000000     
   1.0000000000000000     
   1.0000000000000000     
   1.0000000000000000     
   1.0000000000000000     
   1.0000000000000000     
   1.0000000000000000     
   1.0000000000000000     
   1.0000000000000000     
   1.0000000000000000     
  0.99999999999999989     
   1.0000000000000000     
   1.0000000000000000     
  0.99999999999999989     
   1.0000000000000000     
   1.0000000000000000     
   1.0000000000000000     
   1.0000000000000000     
   1.0000000000000000     
   1.0000000000000000     
  0.99999999999999989     
   1.0000000000000000     
  0.99999999999999989     
   1.0000000000000000     
   1.0000000000000000     
   1.0000000000000000     
   1.0000000000000000     
   1.0000000000000000     
  0.99999999999999989     
   1.0000000000000000     
   1.0000000000000000     
   1.0000000000000000     
   1.0000000000000000     
   1.0000000000000000     
   1.0000000000000000     
  0.99999999999999989     
   1.0000000000000000     
   1.0000000000000000     
   1.0000000000000000     
   1.0000000000000000     
   1.0000000000000000     
   1.0000000000000000     
   1.0000000000000000     
   1.0000000000000000     
   1.0000000000000000     
   1.0000000000000000     
  0.99999999999999989     
   1.0000000000000000     
   1.0000000000000000     
   1.0000000000000000     
   1.0000000000000000     
   1.0000000000000000     
   1.0000000000000000     
   1.0000000000000000     
   1.0000000000000000     
   1.0000000000000000     
   1.0000000000000002     
   1.0000000000000000     
  0.99999999999999989     
   1.0000000000000000     
   1.0000000000000000     
   1.0000000000000000     
  0.99999999999999978     
   1.0000000000000000     
   1.0000000000000000     
  0.99999999999999989     
   1.0000000000000000     
   1.0000000000000000     
   1.0000000000000000     
   1.0000000000000000     
   1.0000000000000000     
   1.0000000000000000     
   1.0000000000000000     
   1.0000000000000000     
   1.0000000000000000     
   1.0000000000000000     
   1.0000000000000000     
   1.0000000000000000     
   1.0000000000000000     
   1.0000000000000000     
   1.0000000000000000     
   1.0000000000000000     
   1.0000000000000000     
   1.0000000000000000     
   1.0000000000000000     
   1.0000000000000000     
   1.0000000000000000     
  0.99999999999999989     
   1.0000000000000000     
  0.99999999999999989     
   1.0000000000000000     
   1.0000000000000000     
  0.99999999999999989     
   1.0000000000000000     
   1.0000000000000000     
   1.0000000000000000     
   1.0000000000000000     
   1.0000000000000000     
   1.0000000000000000     
   1.0000000000000000     
   1.0000000000000000     
   1.0000000000000000     
   1.0000000000000000     
  0.99999999999999989     
   1.0000000000000002     
  0.99999999999999989     
   1.0000000000000000     
   1.0000000000000000     
   1.0000000000000000     
   1.0000000000000000     
   1.0000000000000000     
   1.0000000000000000     
   1.0000000000000000     
   1.0000000000000000     
   1.0000000000000000     
   1.0000000000000000     
   1.0000000000000000     
   1.0000000000000000     
   1.0000000000000000     
   1.0000000000000000     
   1.0000000000000000     
  0.99999999999999989     
  0.99999999999999967     
  0.99999999999999967     
   1.0000000000000000     
   1.0000000000000000     
   1.0000000000000000     
  0.99999999999999989     
  0.99999999999999978     
  0.99999999999999989     
  0.99999999999999989     
   1.0000000000000002     
   1.0000000000000002     
   1.0000000000000000     
   1.0000000000000004     
  0.99999999999999212     
   1.0000000000000031     
   1.0000000000094786     
   1.0000000000622105     
   1.0000000010794872     
   1.0000000173187928     
  0.99999987035566140     
  0.99999312986350419     
   1.0001972150847984     
   1.0005636795046586     
  0.94514307985555790     
  0.71710128799050965     
   1.0062519206599103     
   1.3728769107192946     
  0.21087785661563921     
   1.1739596886343955     
 -0.42935316630485154     
  0.94784386717743419     
  0.25307436922774829     
  0.21399007724570845     
   1.3820348802231019     
  0.99918013632951386     
  0.93020328779489447     
   1.6076476794298546     
   3.5359844424315039     
   1.2533955381897244     
   1.0944572670303876     
  -8.7574544913487262     
   1.1858432378548469     
   1.7751914977212921     
  0.85790523419034181     
  0.81216406450252177     
   1.4826926952867434     
   1.1927369560010941     
   1.4465274568209432     
   1.0856209032362840     
  0.49606715740364515     
  0.82340427990434761     
   1.3624092903516687     
  0.36513316223667169     
 -0.93089979357992692     
   1.5846846212266283     
  0.93041645364258552     
  0.18293750955001206     
   1.0702143394726262     
   3.0419268504489989     
   1.4452936984472500     
   1.0555023929503569     
   4.8943388048922598     
 -0.68517543677018033     
   1.3868325672977924     
   1.0302570386059600     
  0.50188371851085845     
   1.6680838970436280     
   1.1212675683920108     
   1.5388239324918163     
 -0.45851020609007243     
 -0.34057167159095614     
  0.21677850984235053     
   2.0920585654286464E-002
  0.60021939939118329     
   1.3621366507250672     
   1.5822604217397609     
  0.93257420877025143     
   4.1098000337800125     
   1.1183576466243386     
  0.56794085823976992     
   1.1718367154880973     
  -6.5656292636249312     
   3.7498238198795346     
  -1.3883532784278840     
  0.96194947121856356     
   2.8475702442807105     
   1.6576326950667701     
  0.60604433718990480     
  0.53260299969553992     
   3.3412764490863700     
   1.5161132579846195     
   3.2339979658024069     
   1.7396118630104529     
   2.1678938633935241     
  0.40514050190511214     
   1.1800346813973701     
  0.77370473457390010     
   1.3708409200716221     
   2.6838941308391413     
  0.73066632362900763     
   1.2979317042362954     
   1.7846174585826520     
  0.94374022588799433     
   1.1214107982619086     
  0.77897585636990885     
  0.70665997084380505     
  0.97463595028779870     
   1.6409172706245307     
  0.13879220697227590     
   1.0489292429643298     
  -3.1921233639267438E-002
  -4.4170114594213548     
  0.50260111401132257     
   1.0482227664983550     
  0.90424805172384382     
   2.2849866467732629     
   2.6860459712059543     
 -0.37547062348549537     
 -0.10811215317247397     
 -0.36185970361563091     
   1.6312313840362813     
  0.49084159964252549     
  0.62570146817586858     
   1.1521794367176126     
   2.4547102100859082     
  0.99511564498454930     
   1.8162953618352917     
  0.78038958933271096     
   1.8814204781050927     
 -0.81658187308196539     
  0.78489703641855424     
  0.85303432238537069     
   3.8360121032939887     
 -0.67328683164072300     
  0.80982902403895551     
  0.35796176206565056     
  0.18840842933826515     
  0.59996772495551132     
   1.4418193145560312     
  0.67660345481226192     
  0.84350476594189006     
  0.94641100902961572     
  0.50747319994791096     
  -5.6032053325902158E-002
  -137.51622277286134     
   1.0552869860845486     
   6.0106590567144682     
 -0.11801545624073492     
   1.0238427154144236     
   1.3509116065797204     
   196.76964972255786     
   1.6459369192005830     
  0.77589802270216268     
  0.82992535723366223     
  0.57045582626255420     
  0.62650885968947656     
   1.2962595429704433     
   1.0098756396226849     
  0.75876887898810819     
   1.0025275340722197     
 -0.61674150742788225     
  0.71791083274129464     
   1.5206673477088328     
  0.42406721352073101     
  -4.6126085229386611     
 -0.65167817877505074     
 -0.19066068606543621     
   1.9010437282418542     
   1.1091782308125073     
  -3.3702881948993593     
   1.2402853550068875     
  0.32358556169131392     
  0.60333786545309276     
   1.0117349147057870     
 -0.25676946494130343     
  0.42452880956892547     
   1.4378736351917780     
   1.1617779918999869     
   1.2711199546837262     
 -0.36723271200969909     
 -0.86627135423895885     
  0.30335606334389753     
   1.8935660663865457     
  0.70534022420160869     
   13.256277171751737     
   1.2693391949337520     
  0.84676175323180458     
   9.9704128477777237E-002
   2.0618753502010518     
   1.1231631181000330     
  0.78767511546828817     
  0.97430702920849233     
   5.3168349250842306     
  0.62460677828579525     
 -0.73176240822711081     
  0.95037114439075532     
   1.3750315977783212     
  0.75243989352858143     
  -5.1618233323514850     
   5.7137438917910330     
   2.0328128001725112     
   1.3180299079247153     
  0.79148364133450577     
   1.7625341573057016     
   1.3189722735105263     
   1.2654382006573506     
  0.92871483817607192     
  0.40801450499893865     
 -0.85006052612841687     
  0.37290991332183449     
   1.0462757577158477     
   3.4616413521019038     
  0.73744037851821742     
  0.73906518363607054     
  0.93882039919182092     
  0.85235783659044617     
   1.8666595881826558     
 -0.89891913417712532     
   1.0143700904113759     
  0.96134293302864404     
   1.0185836246059721     
  -2.9888618736313726     
  0.29102189618634516     
   1.0641156837181451     
   1.3644361763491593     
  0.51665206026716926     
  0.62374020526333329     
  0.26752257243767269     
   1.1239416186701010     
   3.5015639180578564     
   1.6009765922073769     
  -1.2471829258747749     
  0.63490480304206254     
  -1.2222101172625517     
   1.1537712694847484     
   1.4058560231536246     
  0.97919212977447823     
   3.4058619065787710     
   6.3776688422457655     
   1.2150757288596759     
   1.0026784920784471     
   1.4669639863106250     
   1.1073893179882646     
 -0.31170092767942181     
  -19.323835522836475     
   1.2341449631953627     
   2.4246230153610480     
  0.54614148552686959     
   1.0894815037986563     
  -42.572150290727464     
   1.0353953223679402     
  0.95698748482316554     
  0.84822141028493869     
  0.83743858058415011     
   1.1024748704010352     
   1.2509451274549330     
 -0.81461767955432640     
 -0.17139199318939757     
   1.1326984724747893     
  -69.184154573634615     
  0.39141409365458957     
   1.4677086489110627     
   1.0778045985711657     
   1.5521756438263408     
   2.9656633203193508     
   1.4071230586318548     
   3.3729563168140326     
  0.98761155381437471     
  0.84215306760354047     
  0.71590503054150600     
   2.6123966562799810     
   1.0289714584188003     
  0.91940538780591519     
   1.9624370966570879     
  -5.0208366828418516     
   1.8099079514522876     
   1.5292245678842549     
 -0.27203987788045397     
  0.99070426379889875     
  0.77390389530202253     
  0.93668291815842875     
  0.98764415429805219     
   1.9748861879547617     
   1.1104007746125888     
  0.92807305955605390     
  0.85287968374341505     
  0.69456580290658931     
   3.6564463723906315E-002
   23.106980691972751     
   1.5287150853261693     
  0.30726609669335131     
  0.82957272901574974     
   4.3698877621700909     
  0.22840497016134950     
 -0.23867649791492090     
  0.36981508031377874     
   1.2396355839850310     
  -5.4115996153984911     
   2.0060661863094985E-002
  0.18719086081804792     
   1.3305419929978894     
   4.6475485344252592     
  0.71711400014599358     
  0.76603127210101740     
   1.0048911039806689     
   1.4767522077045672     
  0.13785498403756563     
   1.6843235461149346     
   1.6549206992194354     
   1.2539547994973985     
   1.1688075201944892     
   1.1932868684134537     
   1.2574041826021558     
  0.83696591329692971     
   1.7496509940417913     
   2.2088577413714363     
   8.6386159053422613     
   1.2556588519017604     
  0.63338054364638674     
   1.2386983767390969     
   2.0479585320803455     
  0.83185671561940866     
  0.91009073795330886     
  0.81097789181401980     
  0.74584359838411707     
  0.40217192158357346     
  0.41946907750764456     
   1.9955447906296890     
   1.0055390652818321     
   1.0131156712925398     
   2.2271007793132442     
  0.98069097106444914     
  0.98516248599004252     
  0.56820170612383170     
  0.87658780800020120     
   1.0801803356038149     
   1.0625511711151732     
   22.584947546547514     
   1.2127365366284143E-003
   1.1644148505090419     
   1.2168955851119805     
  -47.207311771812876     
  0.20909012985925732     
  0.64011963275596973     
   15.137178508993136     
   15.511929385841324     
   2.0439038869580863     
   1.3214426781953208     
  0.92839253935687582     
  0.87394956244708089     
  0.24047552433512204     
   4.8389310664386080     
  -2.7456070377467148     
  0.93261253803213473     
   1.4424928942594462     
   5.0618498917147727     
   4.3182255443659976     
   4.9395614446521465     
  0.83217691739890820     
  0.14655463599629007     
  0.62794780588563504     
  -8.8730965222576295     
   2.2736849981193825     
   1.2081173599371926     
  0.58002056650443989     
   6.8248304168282976     
   1.2913118504511223     
   1.2870783015669207     
  0.71448106011821366     
 -0.84017235144287516     
   3.0125062360315846     
   1.2872021174376185     
  -4.2585552985411184     
  0.43598362634673182     
  -3.5744493685763397     
  0.66987704492198308     
   1.0202769305627770     
   1.0513488905732413     
  0.62806841215194198     
  -2.3753072453703479     
   2.1750366473067468     
  0.93423958320391065     
   1.5941797932678139     
   5.2686374917711447     
   1.1968070694402502     
   1.0023310226702360     
   1.0832327510797353     
  0.58453718527555720     
   1.0359100499460356     
   4.7011769490486275     
   1.6020173367499670     
  0.81784462105459976     
 -0.20047449577420481     
 -0.36995450751223002     
  0.75225932196635126     
  0.79232243656098222     
  -9.7306815798594712     
  0.91143553890540219     
   7.7883857218113972E-004
  0.70537275113928688     
   1.5012706328374261     
   2.2370428592782696     
  -1.5496425279600059     
  0.99690167169344368     
  0.61106837152168225     
   2.4067143429857571     
   1.0366565281454103     
  0.81026130838141364     
  0.99148735284828104     
   3.4304088576733163     
 -0.36797653537628472     
  0.49554710436071392     
  0.10658664971715333     
   3.4027746146249518     
 -0.24008235866690159     
   2.4576999597002316     
  0.46805130621628205     
  -1.0065160187170081     
   1.0887208936677246     
   1.3887188684702241     
   3.6900263518069236     
  -8.8657055360906796     
   1.7694685887560846     
   1.1364651256142320     
 -0.22687610397003963     
  0.45148613271938542     
   3.1166132929060577     
  0.64451170743752562     
  0.86134056551715388     
   6.1258232935569423E-002
   16.831671360662853     
  0.90617703137435712     
   4.7758034401819749E-002
  0.17573759874561987     
  0.76387419870459050     
  -5.0866775014921164E-002
   3.5604913243446779E-002
  0.71000053306431665     
   7.0739836966390163E-002
  0.36503339898009601     
   4.0981366041094320     
  0.80620589334028070     
  0.86853472010614863     
  0.40160164083712657     
   1.4060241322165674     
  0.88766959878335161     
  -63.974454607366923     
  -13.277016739391780     
  0.15462973006407646     
  0.81209439774761649     
  0.39999431253826434     
  0.92204046050056621     
   1.4375189183064798     
   1.2055750805455263     
  0.94561703608889391     
   1.6051349269563755     
  -2.4657461661885090E-002
   8.9314559333260810     
 -0.32752858014322600     
  0.25706143567503525     
   1.4400875072852486     
  0.81639541324571607     
   2.1873706713468124     
  0.38697997861872185     
   1.7508673723384989     
  0.67303352144582851     
   1.1399754567119489     
   1.2386967633621944     
   1.4781279674165126     
   1.5601411249079349     
  -8.8505105631360749E-003
  0.66639098966793231     
 -0.62533503411848912     
  0.74491400504532856     
   1.3208848902996817     
  0.90429562693933108     
 -0.59493633551921765     
   2.3710129403985531     
 -0.36309698138353980     
   3.1503079904155644     
  0.76516933635378470     
  0.29377214718913258     
   1.6907364019615554     
   2.5901635620252441     
  0.71498756053702395     
  0.69354114667832734     
   1.2843384448015920     
   2.2869940411632070     
   1.2013673880917346     
  0.78525372643813851     
 -0.26748310097102546     
   3.0419757424309513     
   1.5673196419640134     
   1.8507913799707558     
   1.8745489822867734     
   1.3673977866474241     
   1.2280696022755091     
   1.0343979542571087     
  0.81727308206627070     
   1.1082921036463651     
  0.61894766077265584     
   1.8214450715353128     
  0.82064855699461270     
   2.5502225414481381     
   1.0415106728390924     
 -0.84208295952808498     
 -0.38633498252087578     
 -0.16772506656634670     
  0.25007804439318343     
 -0.16189407269784442     
   1.0002267890513958     
   1.0499319439263597     
 -0.72605210905690065     
   1.5221071596212483     
   1.1455700137600353     
  0.77953409079622960     
   1.1301697355709688     
  0.54126969446455597     
   1.6039854836458658     
  0.81027151687959165     
   1.2816061460394852     
  0.82605759995432237     
   1.0167858112719053     
   1.2006142771780903     
  0.59279109829676213     
  0.52388983142511736     
   1.0690244384020402     
   1.0182426014893915     
  -4.9466647938598562E-003
   1.3083888168959084     
   1.0758877351790459     
  0.96339065866753204     
  -1.8773548188278391     
  0.54680130173334041     
  0.53907479912970124     
   6.8191979834117816E-003
  0.94249091284294506     
   3.8044455005338715     
   1.8586927274891116     
  0.83775014822537675     
   1.8026006532364292     
  0.60485657766408385     
   1.2057506902839832     
  0.93781352719608524     
  0.67811260770775939     
  0.38482041958050583     
   7.4920080857302215E-002
   3.8705070496764642     
   1.1985967166603269     
  -9.7470011680210439E-002
 -0.10641581404863068     
   1.0935004135168169     
  0.99024146154009429     
  0.94430965175711068     
   1.6216966354497402     
  0.34478169317979374     
   2.4748377822034060     
   1.1305430950254074     
  0.97184456926218465     
   1.6063268846234191     
  0.80886610389745028     
 -0.42251250726716977     
   1.5813152088133422     
   3.4499336963182992     
  0.74659817064411871     
   1.8237032652629683     
   3.9654004243715755     
   4.7899822327118304     
  0.79412912758905896     
   1.7805500471636051     
   1.2938325330070035     
  0.95229869122158350     
  -5.3117836615903089     
 -0.34687172887541251     
  -4.5167804928648394     
  0.56499623155715606     
  0.49240755594779340     
  0.73986110062775745     
   2.3655580631670694     
   1.1636750444928798     
  0.49033264315300562     
  0.58371292399043273     
  -4.9536412899362059E-002
   1.9892588974824588     
 -0.15514806769715167     
  0.93682787680551716     
  -1.5749717269318764     
  0.29010549115371631     
  0.68398889739981383     
   1.7457944661559359     
  0.61163066566232416     
  -3.0325704337708057     
   179.14957839509344     
  0.72715527467640106     
 -0.60132756301967860     
   2.4541219476151594     
  0.69386324119306853     
  0.31987173277882813     
   1.3979290017689092     
  -25.477666254990957     
  0.85740208522697114     
   1.0758434727233648     
  0.44524946278839195     
  0.44908081107367259     
   1.7532358839275357     
  0.81573255858838023     
  0.19220133988631904     
   1.1736096773766485     
  -2.2563347237202072     
   1.9409252607809639     
  0.75116700002112824     
  0.83195846663579232     
   1.5092467133614555     
   2.2233787246616035     
  0.79776837917396082     
   1.5588857879027038     
   1.5227877500281581     
 -0.31991386821518997     
  0.76836195641552241     
   28.195003439546575     
   1.0835853542208709     
   1.3610555701421874     
  0.88222381446750553     
   1.3943475120025450     
  0.59206949159351374     
  0.60547206563124489     
   1.2503022572235032     
   1.3467055938681212     
   1.3331991403999546     
   1.3936384516974785     
  0.27378031647687506     
   4.2590785397604218     
   1.2945508401957972     
  0.31636592361112875     
   1.2244786505701550     
  0.88851101637904806     
  -1.7116720256600813     
  0.81632196751034591     
   1.6495357490001923     
   5.6336346902869684E-002
  0.73221065323626000     
  0.59091030758510432     
   1.4352344191447473     
  0.57824473087825579     
   1.0518629535373543     
   3.1316669620073285     
   1.0477282507049712     
   1.1976090807587387     
   1.5260087567410592     
   4.3074709065522594     
   1.2979973739199744     
  0.27436627026255250     
   1.8174116037786849     
   1.5034641862393443     
  0.73731166314881591     
  0.22707020581245599     
   1.2212146881236698     
  0.74631086575705863     
  0.62540389725163870     
  0.32892528033319662     
   8.3088437072109361E-002
   3.4200897071925143     
  0.65883607210171813     
   1.7321123454301461     
   1.4082472474862429     
   1.1335894107335671     
   1.5154844070240285     
   1.2487754196074712     
   1.0581616579963029     
 -0.43953244300552652     
 -0.38124717929046059     
   11.378492282327269     
  0.94401564566141483     
   1.5595405004500678     
  0.29267991256396253     
  -3.5380833199402599     
  0.12896269942738553     
  0.76276465808251537     
   9.4449242944469418     
  0.47155870505032410     
   1.3901044676431762     
   2.1891119726059776     
  0.58733015598785143     
   1.8845946212675171     
   3.7418176911313203     
  0.49645896827735875     
  0.81881266607059411     
   1.0141202460129404     
   1.2315390565064552     
   1.1512359450662222     
   3.1267058309701761     
  0.29223254566310153     
   1.5953734419976346     
   1.1959413997144044     
  -31.675091769014646     
   1.0023881020885526     
  -5.3464638033839357E-002
  0.93947076656126860     
  -10.483438296878347     
  0.48995400498278668     
  0.83474956908626829     
  0.46073750588427875     
   1.1115339076625810     
   1.1186321304153310     
  0.96469176205720830     
  0.86758466384182897     
   1.4311118442412367     
   1.1311783140886849     
  0.97273790953094219     
   1.2330758756878244     
   1.7345359975477581     
   1.1299413333308845     
  0.93331440112374930     
  -1.1941439932899407     
   1.0143621616510854     
  0.86283293424734875     
  -5.8994862012603475     
   1.8927030321740881     
  -3.3893886720327266     
  0.55418172635085317     
   1.6323311939040077     
   1.0534676298450580     
  0.71580621018899893     
   1.2226019814724134     
   1.2222363445424780     
   1.8937160294982298     
   1.1930969878299893     
  0.66416707219060622     
  0.98497894739063074     
  0.39788657525237869     
   1.4549316799011927     
   1.8183279965532235     
  0.95805427776842944     
  0.49013910471717587     
  0.94340965013160083     
   1.1539052359166837     
   2.7010853339092136     
  0.67896350276833006     
   1.0443887363600828     
   1.7464964990102925     
  0.34233378241413709     
   1.0108054041573418     
   18.595538478928738     
  0.62929173041136610     
  -1.1052752504272869     
  -2.2355955480630811     
   1.2464571325439202     
   1.1665267631196694     
  0.87914042146954285     
  0.52484562772360610     
   1.0974200527694751     
   1.2910042544618237     
  -1.6278486375926116     
 -0.51297254105191004     
   3.3590332947874959     
  -24.986549919723412     
 -0.18837375827762037     
  0.45624440188515769     
   2.7180210409876109     
   1.0827234934753898     
  0.91032223892391828     
   1.1261987217237281     
  0.64789198278852289     
   1.2053988326997722     
  0.65245998548334572     
  0.82268903789087511     
  0.88217941410794598     
   9.8157743002965159     
 -0.36443525757401962     
  0.52755028816817040     
  0.15062778058296383     
  0.83674542790631568     
  0.59004754098574608     
  0.67641604268996802     
  -16.005432548770870     
  0.96798149781089149     
   3.0113381130177506     
  0.71257955904181014     
  0.97221206593482945     
  -3.4005019052557581     
  0.78612246399704422     
   1.2183869938444096     
   1.6407261492862613     
   1.3125028284323059     
  0.49003429904551171     
   9.8920403321210007E-002
  0.49994727383422871     
  0.73495761609341703     
   1.8863452558720111     
   1.0894655160144844     
 -0.30965690477063768     
  0.78898108631160313     
  0.81195266819963707     
   1.7223427041506159     
   1.0005178767032068     
 -0.15056385385587973     
   1.3082496410202129     
   1.3750857538909513     
   1.8215499622031741     
  0.51527529324773824     
   1.7724508389897653     
  0.73096384236722167     
  -2.7275084294516398     
  0.39915933729239439     
  0.44535749162696359     
  -1.1849223257477162     
  0.83624978183865639     
   1.6150467166896505     
  0.68174394712060471     
  0.96984350957743148     
   1.3586184279080775     
   1.8624817310328619     
  0.85769572454469989     
   1.0103639927354848     
  0.75803454075677679     
   1.0962607271210560     
   1.2654836196151910E-002
  -7.8015837192289714     
   2.6616193246882354     
  0.51860483133201940     
  0.69664024008675396     
   1.1284512495134353     
  0.81227256531627035     
   2.4080885386480357     
  0.64817321136313188     
   1.0348857013513442     
  0.51827544508076473     
  0.97659562703181624     
   1.1457339409709815     
  0.51677965766522926     
  0.74967620571127180     
   1.4403484477351702     
  0.63957382542286090     
  0.65159696223379593     
   1.0318337169662346     
  0.73435411444175280     
  0.89327140976459951     
   1.3114739868860292     
   8.1736382768951898     
   1.1997736175285523     
 -0.49339162582505924     
   1.0481128142409948     
   1.2287305762142147     
  0.83089141172952874     
 -0.46672353652948639     
  0.69075743918227361     
   3.5614441150161333     
   1.1209244650051902     
   1.0097818670630831     
  -11.536189957553503     
   1.7553941791291021     
   1.5353302347802569     
   1.6942009869995756     
  0.99241514029092515     
 -0.81900208189252799     
  0.89734404414281721     
   1.8494329883018565     
  0.45910518032408337     
  0.87227558574523123     
   1.1562344972579606     
   2.3350554886237358     
  0.39773076965653276     
  0.61858752136363004     
  -2.1787886319400478     
  0.69397271958831075     
   1.2062197472532776     
   1.1126481543386550     
  0.82077409582660277     
   1.3820513038708435     
   1.2389708155983037     
  -3.3770442997701977     
   1.0652244978062955     
  0.88233181236487890     
  0.84811739612031767     
  0.99015184291423153     
   1.1242843172681976     
  0.89374052095294498     
  0.64775613524856368     
   1.4125112570000935     
   1.3872138504899827     
   1.0776987632557569     
  0.41244836760335007     
  0.69026339748395293     
   1.1853246678458154     
 -0.56596469390032644     
   1.0632710984313458     
   3.8457186072639122     
   31.646866763035028     
   1.2617841073808003     
  0.42072009826729490     
   1.4728758599240117     
  0.94016578995485744     
  0.62618164786431485     
   2.6738411851292669     
 -0.27048360187818765     
   21.876889976885568     
  -3.7287055257957791     
   1.9027320945385195     
   1.4377921845490038     
   1.7329179827558454     
  0.95087735437434873     
  0.79536091412908605     
   1.5202793788613800     
   5.0458218904420544     
   1.3674626471355276     
  0.62262587534209268     
  0.79037128042411142     
   1.7453186306395032     
   1.2255007722791449     
   1.2761746753912193     
 -0.20152367104746649     
   4.1490521936268552     
   1.7873163629529787     
  0.50959143999676637     
   1.4513648411408551     
   2.5511223301981047     
  0.82645926980688911     
  0.94182401856129327     
  0.90398517015127400     
  0.67518354724147533     
  0.66729151648033058     
  0.50776127621216804     
  0.78807536237136167     
  0.75480828715819559     
   1.7768458476633087     
   1.6981948479452849     
  -48.932689979944911     
   5.9128106570575267E-002
   1.0100060803133943     
   1.1837661467651932     
   1.0972218179389832     
   1.0160764970130647     
  -1.4709267417256038     
  0.94941903532864447     
  0.90814267538554427     
   1.0700478467149039     
  0.58341352698228777     
  0.21180308871386094     
   1.1539866072108047     
   1.1801292384952189     
   2.4911989060799629     
  0.97134067408107705     
   1.4210471873089057     
   1.2108537704799460     
   2.1105252750778218     
  0.79635730553220407     
  -4.9138716157622608E-002
   1.3344035032732497     
   1.1113270829639501     
  0.41714697160892988     
  0.76430839073341317     
  0.78175660744250675     
  0.77152120975820959     
   34.263303297683350     
  0.67179226544104231     
  0.51307811356226618     
   1.6513574686179087     
   1.2797184366589727     
   1.9029130462858266     
   1.9159589564795545     
   1.1798731731465391     
   5.0489316948224712     
  0.85952639664985442     
   1.9924201787174698     
   1.0731171405539328     
   1.2104349869462361     
   1.3124792308994282     
   1.3281748604100403     
  0.52041088462088991     
   2.3975625266525977     
   10.241924957679004     
  0.70709651355177838     
  0.68416485667707627     
   7.2660984560852820E-002
   1.1186740449457766     
   4.9680919069019315E-002
   1.0267893860721418     
  0.68835519094759812     
   1.3588038773347926     
   1.4046170109420748     
 -0.24778814385160020     
  0.96306756017335182     
   1.1736101163559705     
   1.3079905033009873     
   1.2947852091874930     
  0.85381522957110301     
  0.61169092305887740     
  0.25480139969167898     
   8.5436911458855285     
  -3.7612281506276259     
  0.10169343916636216     
   1.3767770898331217     
  0.66375644944333312     
   14.329617153082358     
   1.0645193105040800     
  -2.2750424500562803     
   3.0260955151450388     
  0.85086367242620609     
   1.5814533290220671     
  -2.9386031812429954     
   2.3989123375569141     
  0.44726187214777435     
  0.74926248813940333     
   1.0084586882817164     
 -0.33274665662934461     
 -0.22565114762997796     
 -0.28593120841255670     
   1.6459585414140079     
 -0.71661882076595651     
  0.27174839151320068     
  0.86101782218246614     
 -0.84837606076435179     
   8.7398821607721555E-002
   1.2796822958380774     
   1.1538972359037987     
  0.79067523276757001     
   5.2184592617176409E-002
  0.40100229807352405     
   1.1123783433409480     
   1.2656308636708700     
  -3.1809908691513358E-002
  0.71952182146742216     
  -1.7600375763251530     
  0.67686375287607647     
  -9.4885095365108345     
   1.2575636063657498     
  -1.6251626800665451     
  0.90462003933012636     
  0.35839204273432296     
   2.3239421658148673     
   2.3190713914411938     
  0.74002822518179423     
  -2.9601534556385900     
  0.40112221686169053     
   2.5977977670468904     
   1.2845492708347586     
   1.1023128072357768     
  -5.5946658902400603     
   9.0210647511329167     
   1.0179255087506980     
  0.79081640590821278     
  -3.3770538637415379     
   1.2311792648180404     
  0.63076264991534980     
  0.93008054407442553     
  0.94732842246347770     
  0.96973971395808300     
  -1.4111803583367282     
  -7.5344052927183783E-002
  0.88964805018347370     
   1.0433199943787117     
  0.87077566448521726     
   1.2510981050513861     
  0.79790088486176813     
  0.88259199275838607     
  0.55578571213160644     
  0.67725069313753239     
   1.6000948039943688     
   60.248762460002212     
  0.54002267499297507     
  0.93929822849199951     
   1.1428268783721680     
  0.74220157034983114     
  0.15854337126151941     
  0.92811612829041390     
   2.5979167293072707     
  0.97166662827739181     
   1.0839590376359225     
  0.81782841602262935     
 -0.68930423691435838     
  0.96010745893427807     
  0.33574347091940265     
   15.140183500190668     
   1.4019824931153571     
  0.84123139873053210     
 -0.10446894999798884     
  0.54937538847574097     
  -2.5969551952613288     
  0.37970590097786089     
   1.4358162619004020     
  0.35114174883394900     
  0.55374959850630623     
  0.80092928376745320     
  0.70150035896593899     
   1.0554329954411785     
  0.17889298014253469     
  0.32046782718388739     
  -8.2178149052686125E-002
  0.82551840802948817     
   1.1903161987692890     
   2.4368782103882256     
  -1.0373090518146451     
   1.7082057583334307     
   1.6695576176964877     
   1.6637936957689845     
   1.2457775465565157     
   1.4497197878733474     
   4.0959719956725493     
  0.95762799588629000     
  0.99449510008188868     
  0.95583874971143279     
   1.9601283679483179     
  0.37474176620083433     
   1.2854091627402209     
   2.0605616250558838     
   1.1982074642172100     
  -2.0104131050983853     
  0.73707621680622282     
   2.1209447629699856     
  0.80599715919039006     
   2.0569793524677893     
   1.0934771543411281     
