2 100.00000000000000 0.0000000000000000
3 80.000000000000000 0.0000000000000000
4 80.000000000000000 0.0000000000000000
5 80.000000000000000 0.0000000000000000
6 80.000000000000000 0.0000000000000000
7 80.000000000000000 0.0000000000000000
8 80.000000000000000 0.0000000000000000
9 80.000000000000000 0.0000000000000000
10 80.000000000000000 0.0000000000000000
11 80.000000000000000 0.0000000000000000
12 80.000000000000000 0.0000000000000000
13 80.000000000000000 0.0000000000000000
14 80.000000000000000 0.0000000000000000
15 80.000000000000000 0.0000000000000000
16 80.000000000000000 0.0000000000000000
17 80.000000000000000 0.0000000000000000
18 80.000000000000000 0.0000000000000000
19 80.000000000000000 0.0000000000000000
20 80.000000000000000 0.0000000000000000
