2 100.00000000000000 -0.98522226407375513
3 80.000000000000000 -0.98514238141511223
4 80.000000000000000 -0.98514269089956008
5 80.000000000000000 -0.98514270852373065
6 80.000000000000000 -0.98514270871460741
7 80.000000000000000 -0.98514270871573173
8 80.000000000000000 -0.98514270871573739
9 80.000000000000000 -0.98514270871573739
10 80.000000000000000 -0.98514270871573739
11 80.000000000000000 -0.98514270871573739
12 80.000000000000000 -0.98514270871573739
13 80.000000000000000 -0.98514270871573739
14 80.000000000000000 -0.98514270871573739
15 80.000000000000000 -0.98514270871573739
16 80.000000000000000 -0.98514270871573739
17 80.000000000000000 -0.98514270871573739
18 80.000000000000000 -0.98514270871573739
19 80.000000000000000 -0.98514270871573739
20 80.000000000000000 -0.98514270871573739
