  -1.0000000000000000     
 -0.99994984100445594     
 -0.99979879042649022     
 -0.99954612841188184     
 -0.99919132425821022     
 -0.99873403805452576     
 -0.99817412193295951     
 -0.99751162092548917     
 -0.99674677341992013     
 -0.99588001121006553     
 -0.99491195913597641     
 -0.99384343431105204     
 -0.99267544493378368     
 -0.99140918868288097     
 -0.99004605069550822     
 -0.98858760112937927     
 -0.98703559231044391     
 -0.98539195546897296     
 -0.98365879706780623     
 -0.98183839472763434     
 -0.97993319275514590     
 -0.97794579728094111     
 -0.97587897101510623     
 -0.97373562762935717     
 -0.97151882577565607     
 -0.96923176275217249     
 -0.96687776782843748     
 -0.96446029524244670     
 -0.96198291688340221     
 -0.95944931467466721     
 -0.95686327267233839     
 -0.95422866889568481     
 -0.95154946690647713     
 -0.94882970715496961     
 -0.94607349811102714     
 -0.94328500719952391     
 -0.94046845155977987     
 -0.93762808864938585     
 -0.93476820671325478     
 -0.93189311513925233     
 -0.92900713472216878     
 -0.92611458785816148     
 -0.92321978869213117     
 -0.92032703324074239     
 -0.91744058951402974     
 -0.91456468765865284     
 -0.91170351014599549     
 -0.90886118202831867     
 -0.90604176128616365     
 -0.90324922929013374     
 -0.90048748140004364     
 -0.89776031772423570     
 -0.89507143406161838     
 -0.89242441304867592     
 -0.88982271553334435     
 -0.88726967219723030     
 -0.88476847544717752     
 -0.88232217159667758     
 -0.87993365335704021     
 -0.87760565265761137     
 -0.87534073381365018     
 -0.87314128705978267     
 -0.87100952246613106     
 -0.86894746425345981     
 -0.86695694552277602     
 -0.86503960341394337     
 -0.86319687470693796     
 -0.86142999187837921     
 -0.85973997962495552     
 -0.85812765186434015     
 -0.85659360922307803     
 -0.85513823701984848     
 -0.85376170375134042     
 -0.85246396008682790     
 -0.85124473837635695     
 -0.85010355267621740     
 -0.84903969929417245     
 -0.84805225785566163     
 -0.84714009289094405     
 -0.84630185594185825     
 -0.84553598818564801     
 -0.84484072357194462     
 -0.84421409246779089     
 -0.84365392580423437     
 -0.84315785971679102     
 -0.84272334067075161     
 -0.84234763106106825     
 -0.84202781527528225     
 -0.84176080620670735     
 -0.84154335220385590     
 -0.84137204444090086     
 -0.84124332469274377     
 -0.84115349349716062     
 -0.84109871868531061     
 -0.84107504426082857     
 -0.84107839960667508     
 -0.84110460899786954     
 -0.84114940139728755     
 -0.84120842051076339     
 -0.84127723507685448     
 -0.84135134936583666     
 -0.84142621386167760     
 -0.84149723610009508     
 -0.84155979163511097     
 -0.84160923510597363     
 -0.84164091137578700     
 -0.84165016671278137     
 -0.84163235998478714     
 -0.84158287383718711     
 -0.84149712582444303     
 -0.84137057946516813     
 -0.84119875519067466     
 -0.84097724115701078     
 -0.84070170389062615     
 -0.84036789873802986     
 -0.83997168009017276     
 -0.83950901135266420     
 -0.83897597463346107     
 -0.83836878012028593     
 -0.83768377512069914     
 -0.83691745273856977     
 -0.83606646016155917     
 -0.83512760653519869     
 -0.83409787040021288     
 -0.83297440667090317     
 -0.83175455313359237     
 -0.83043583644551100     
 -0.82901597761584467     
 -0.82749289695216666     
 -0.82586471845700427     
 -0.82412977366089735     
 -0.82228660487997918     
 -0.82033396788784430     
 -0.81827083399322853     
 -0.81609639151687363     
 -0.81381004666279910     
 -0.81141142378110664     
 -0.80890036502136264     
 -0.80627692937758544     
 -0.80354139112774692     
 -0.80069423767275760     
 -0.79773616678179826     
 -0.79466808325283944     
 -0.79149109499913173     
 -0.78820650857437369     
 -0.78481582415110418     
 -0.78132072996876467     
 -0.77772309626962766     
 -0.77402496874256310     
 -0.77022856149625440     
 -0.76633624958513780     
 -0.76235056111282173     
 -0.75827416893923560     
 -0.75410988201910445     
 -0.74986063640061984     
 -0.74552948591434520     
 -0.74111959258346582     
 -0.73663421678744978     
 -0.73207670721202511     
 -0.72745049061908718     
 -0.72275906147080116     
 -0.71800597144258504     
 -0.71319481886005087     
 -0.70832923809520321     
 -0.70341288895726284     
 -0.69844944611350912     
 -0.69344258857529328     
 -0.68839598928416901     
 -0.68331330483259378     
 -0.67819816535316912     
 -0.67305416460967271     
 -0.66788485032238487     
 -0.66269371475927674     
 -0.65748418562362143     
 -0.65225961726744708     
 -0.64702328225902894     
 -0.64177836333126415     
 -0.63652794573635052     
 -0.63127501003067377     
 -0.62602242531218255     
 -0.62077294293088192     
 -0.61552919069129086     
 -0.61029366756393122     
 -0.60506873892100588     
 -0.59985663230954300     
 -0.59465943377329888     
 -0.58947908473272348     
 -0.58431737943028006     
 -0.57917596294635343     
 -0.57405632978895260     
 -0.56895982305833481     
 -0.56388763418563725     
 -0.55884080324256791     
 -0.55382021981716301     
 -0.54882662444863473     
 -0.54386061061236235     
 -0.53892262724413920     
 -0.53401298179091861     
 -0.52913184377344835     
 -0.52427924884442989     
 -0.51945510332408618     
 -0.51465918919342124     
 -0.50989116952383029     
 -0.50515059432026399     
 -0.50043690675371078     
 -0.49574944975744295     
 -0.49108747296023736     
 -0.48645013992863162     
 -0.48183653568924734     
 -0.47724567450125444     
 -0.47267650784821946     
 -0.46812793261785313     
 -0.46359879943753973     
 -0.45908792113302610     
 -0.45459408127724238     
 -0.45011604279595085     
 -0.44565255659672631     
 -0.44120237018774128     
 -0.43676423625286892     
 -0.43233692114979921     
 -0.42791921329814842     
 -0.42350993142496340     
 -0.41910793263552121     
 -0.41471212027797111     
 -0.41032145157111072     
 -0.40593494496543675     
 -0.40155168720857881     
 -0.39717084008729431     
 -0.39279164681937062     
 -0.38841343807005169     
 -0.38403563756898346     
 -0.37965776730511624     
 -0.37527945227857656     
 -0.37090042479012425     
 -0.36652052825055847     
 -0.36213972049419213     
 -0.35775807658240200     
 -0.35337579108515732     
 -0.34899317983042816     
 -0.34461068111339682     
 -0.34022885635946382     
 -0.33584839023716712     
 -0.33147009021926505     
 -0.32709488559239552     
 -0.32272382591791599     
 -0.31835807894870055     
 -0.31399892800887153     
 -0.30964776884559547     
 -0.30530610596425845     
 -0.30097554846043817     
 -0.29665780536419800     
 -0.29235468051427349     
 -0.28806806698171528     
 -0.28379994106447809     
 -0.27955235587631588     
 -0.27532743455511499     
 -0.27112736311748709     
 -0.26695438298804069     
 -0.26281078323323781     
 -0.25869889253111517     
 -0.25462107090940134     
 -0.25057970128569895     
 -0.24657718084437921     
 -0.24261591228570070     
 -0.23869829498336542     
 -0.23482671608728325     
 -0.23100354160871844     
 -0.22723110752522951     
 -0.22351171094290265     
 -0.21984760135329331     
 -0.21624097202223652     
 -0.21269395154728510     
 -0.20920859561994451     
 -0.20578687902813655     
 -0.20243068793341407     
 -0.19914181245638340     
 -0.19592193960257012     
 -0.19277264655958309     
 -0.18969539439491956     
 -0.18669152218208232     
 -0.18376224158089075     
 -0.18090863189594411     
 -0.17813163563515427     
 -0.17543205458811811     
 -0.17281054644185839     
 -0.17026762194911821     
 -0.16780364266199027     
 -0.16541881924118329     
 -0.16311321034869072     
 -0.16088672212906382     
 -0.15873910828188026     
 -0.15666997072538696     
 -0.15467876084867285     
 -0.15276478134711391     
 -0.15092718863324844     
 -0.14916499581268292     
 -0.14747707621212786     
 -0.14586216744421959     
 -0.14431887599141155     
 -0.14284568228893915     
 -0.14144094628466852     
 -0.14010291345156728     
 -0.13882972122656242     
 -0.13761940584772878     
 -0.13646990956004068     
 -0.13537908815837585     
 -0.13434471883505195     
 -0.13336450829793534     
 -0.13243610112408430     
 -0.13155708831297394     
 -0.13072501600261613     
 -0.12993739431131934     
 -0.12919170626745505     
 -0.12848541678937991     
 -0.12781598167763955     
 -0.12718085658172190     
 -0.12657750590394951     
 -0.12600341160359288     
 -0.12545608186494561     
 -0.12493305959392502     
 -0.12443193070874443     
 -0.12395033219133006     
 -0.12348595986743685     
 -0.12303657588482436     
 -0.12260001586039761     
 -0.12217419566887634     
 -0.12175711784732327     
 -0.12134687759173571     
 -0.12094166832385948     
 -0.12053978680842695     
 -0.12013963780312573     
 -0.11973973822577101     
 -0.11933872082536758     
 -0.11893533734599464     
 -0.11852846117471973     
 -0.11811708946703593     
 -0.11770034474560787     
 -0.11727747597038993     
 -0.11684785908045492     
 -0.11641099701009860     
 -0.11596651918399431     
 -0.11551418049832222     
 -0.11505385979689585     
 -0.11458555785334550     
 -0.11410939487238027     
 -0.11362560752503292     
 -0.11313454553459280     
 -0.11263666783163413     
 -0.11213253829815954     
 -0.11162282112237645     
 -0.11110827578702751     
 -0.11058975171547566     
 -0.11006818260091658     
 -0.10954458044514095     
 -0.10902002933420019     
 -0.10849567897913569     
 -0.10797273805061842     
 -0.10745246733690281     
 -0.10693617275493453     
 -0.10642519824476447     
 -0.10592091857760365     
 -0.10542473210792275     
 -0.10493805349993797     
 -0.10446230645865315     
 -0.10399891649533147     
 -0.10354930375686450     
 -0.10311487594798822     
 -0.10269702137466816     
 -0.10229710213624574     
 -0.10191644749311006     
 -0.10155634743572661     
 -0.10121804647984298     
 -0.10090273771157972     
 -0.10061155710493276     
 -0.10034557813294198     
 -0.10010580669244983     
  -9.9893176360965008E-002
  -9.9708544002683183E-002
  -9.9552685739195498E-002
  -9.9426293298844573E-002
  -9.9329970757072547E-002
  -9.9264231678453232E-002
  -9.9229496669414510E-002
  -9.9226091348947318E-002
  -9.9254244742866218E-002
  -9.9314088105441289E-002
  -9.9405654170472063E-002
  -9.9528876832120403E-002
  -9.9683591254072224E-002
  -9.9869534403864701E-002
 -0.10008634600749863     
 -0.10033356991776160     
 -0.10061065588803032     
 -0.10091696174169332     
 -0.10125175592575555     
 -0.10161422043565543     
 -0.10200345409684904     
 -0.10241847618729871     
 -0.10285823038365920     
 -0.10332158901267423     
 -0.10380735758809970     
 -0.10431427961235469     
 -0.10484104162106909     
 -0.10538627844776145     
 -0.10594857868504115     
 -0.10652649031798027     
 -0.10711852650467131     
 -0.10772317147844430     
 -0.10833888654580123     
 -0.10896411615380655     
 -0.10959729400047627     
 -0.11023684916162058     
 -0.11088121220762293     
 -0.11152882128378259     
 -0.11217812812810833     
 -0.11282760400081931     
 -0.11347574550029772     
 -0.11412108024083403     
 -0.11476217236820782     
 -0.11539762788995916     
 -0.11602609979811865     
 -0.11664629296317020     
 -0.11725696877912969     
 -0.11785694954080972     
 -0.11844512253561863     
 -0.11902044383359180     
 -0.11958194176077676     
 -0.12012872004257863     
 -0.12065996060521499     
 -0.12117492602502139     
 -0.12167296161698044     
 -0.12215349715551393     
 -0.12261604822226814     
 -0.12306021717733120     
 -0.12348569375203340     
 -0.12389225526320186     
 -0.12427976645044320     
 -0.12464817893971619     
 -0.12499753033812443     
 -0.12532794296647967     
 -0.12563962223778075     
 -0.12593285469128376     
 -0.12620800569332064     
 -0.12646551681743634     
 -0.12670590291775849     
 -0.12692974891077616     
 -0.12713770628188653     
 -0.12733048933415972     
 -0.12750887119776971     
 -0.12767367961943785     
 -0.12782579255203491     
 -0.12796613356517611     
 -0.12809566709823378     
 -0.12821539357766329     
 -0.12832634442090368     
 -0.12842957694937177     
 -0.12852616923320626     
 -0.12861721489045580     
 -0.12870381786332707     
 -0.12878708719392656     
 -0.12886813182164300     
 -0.12894805542393062     
 -0.12902795132176720     
 -0.12910889747048165     
 -0.12919195155598381     
 -0.12927814621567188     
 -0.12936848440247234     
 -0.12946393490956135     
 -0.12956542807235577     
 -0.12967385166333142     
 -0.12979004699415364     
 -0.12991480523847518     
 -0.13004886398759857     
 -0.13019290404999909     
 -0.13034754650448752     
 -0.13051335001555073     
 -0.13069080841815589     
 -0.13088034857805178     
 -0.13108232853234306     
 -0.13129703591387204     
 -0.13152468666170600     
 -0.13176542401882274     
 -0.13201931781689655     
 -0.13228636404693739     
 -0.13256648471341284     
 -0.13285952796841013     
 -0.13316526852135471     
 -0.13348340831882519     
 -0.13381357748806205     
 -0.13415533553689366     
 -0.13450817280197880     
 -0.13487151213649734     
 -0.13524471082772105     
 -0.13562706273425029     
 -0.13601780063212346     
 -0.13641609875848434     
 -0.13682107554104017     
 -0.13723179650114609     
 -0.13764727731801751     
 -0.13806648704130148     
 -0.13848835143902014     
 -0.13891175646774223     
 -0.13933555185173951     
 -0.13975855475782617     
 -0.14017955355259071     
 -0.14059731162877165     
 -0.14101057128762404     
 -0.14141805766426296     
 -0.14181848268314656     
 -0.14221054903107624     
 -0.14259295413533885     
 -0.14296439413489878     
 -0.14332356783285760     
 -0.14366918061872944     
 -0.14399994834944366     
 -0.14431460117836303     
 -0.14461188732200089     
 -0.14489057675453293     
 -0.14514946482062699     
 -0.14538737575754559     
 -0.14560316611792234     
 -0.14579572808506502     
 -0.14596399267309287     
 -0.14610693280467518     
 -0.14622356625959901     
 -0.14631295848785927     
 -0.14637422528141789     
 -0.14640653529924430     
 -0.14640911244070706     
 -0.14638123806282943     
 -0.14632225303738683     
 -0.14623155964425208     
 -0.14610862329784599     
 -0.14595297410397731     
 -0.14576420824479067     
 -0.14554198918995601     
 -0.14528604873265780     
 -0.14499618784934612     
 -0.14467227738262167     
 -0.14431425854702035     
 -0.14392214325785951     
 -0.14349601428369246     
 -0.14303602522329945     
 -0.14254240030851514     
 -0.14201543403456493     
 -0.14145549061994356     
 -0.14086300329822296     
 -0.14023847344453091     
 -0.13958246953978265     
 -0.13889562597608462     
 -0.13817864170706326     
 -0.13743227874718747     
 -0.13665736052447591     
 -0.13585477009128410     
 -0.13502544819816278     
 -0.13417039123607363     
 -0.13329064905252075     
 -0.13238732264743483     
 -0.13146156175489634     
 -0.13051456231703495     
 -0.12954756385667626     
 -0.12856184675552706     
 -0.12755872944489463     
 -0.12653956551613119     
 -0.12550574075816551     
 -0.12445867012964915     
 -0.12339979467337917     
 -0.12233057838079076     
 -0.12125250501441330     
 -0.12016707489626989     
 -0.11907580167026909     
 -0.11798020904667778     
 -0.11688182753679245     
 -0.11578219118592395     
 -0.11468283431279533     
 -0.11358528826340535     
 -0.11249107818735031     
 -0.11140171984450395     
 -0.11031871644985113     
 -0.10924355556413178     
 -0.10817770603780319     
 -0.10712261501564446     
 -0.10607970500913330     
 -0.10505037104350279     
 -0.10403597788614324     
 -0.10303785736275689     
 -0.10205730576738800     
 -0.10109558137215706     
 -0.10015390204220781     
  -9.9233442961045901E-002
  -9.8335334471099295E-002
  -9.7460660033968735E-002
  -9.6610454314463232E-002
  -9.5785701392130551E-002
  -9.4987333103593904E-002
  -9.4216227518607559E-002
  -9.3473207552327534E-002
  -9.2759039715882466E-002
  -9.2074433006905876E-002
  -9.1420037941270876E-002
  -9.0796445726844560E-002
  -9.0204187579658299E-002
  -8.9643734182469167E-002
  -8.9115495285273433E-002
  -8.8619819446924000E-002
  -8.8156993916598342E-002
  -8.7727244653474160E-002
  -8.7330736482580412E-002
  -8.6967573384424970E-002
  -8.6637798915634834E-002
  -8.6341396757504740E-002
  -8.6078291389014530E-002
  -8.5848348880565570E-002
  -8.5651377804387530E-002
  -8.5487130257288796E-002
  -8.5355302991165310E-002
  -8.5255538646443141E-002
  -8.5187427083408124E-002
  -8.5150506806184897E-002
  -8.5144266473943658E-002
  -8.5168146493764488E-002
  -8.5221540689455130E-002
  -8.5303798040507639E-002
  -8.5414224485294649E-002
  -8.5552084782538923E-002
  -8.5716604425049178E-002
  -8.5906971599695403E-002
  -8.6122339187596528E-002
  -8.6361826798518976E-002
  -8.6624522833527756E-002
  -8.6909486569994879E-002
  -8.7215750263158073E-002
  -8.7542321258521405E-002
  -8.7888184109514933E-002
  -8.8252302694968768E-002
  -8.8633622331110398E-002
  -8.9031071872969728E-002
  -8.9443565800258293E-002
  -8.9870006282992312E-002
  -9.0309285222336291E-002
  -9.0760286262374132E-002
  -9.1221886768742058E-002
  -9.1692959770303631E-002
  -9.2172375860297237E-002
  -9.2659005053642954E-002
  -9.3151718597358435E-002
  -9.3649390731301796E-002
  -9.4150900396725662E-002
  -9.4655132890403268E-002
  -9.5160981462355770E-002
  -9.5667348855483225E-002
  -9.6173148785671708E-002
  -9.6677307361217268E-002
  -9.7178764440667850E-002
  -9.7676474928446902E-002
  -9.8169410007870689E-002
  -9.8656558311420187E-002
  -9.9136927028362298E-002
  -9.9609542950048244E-002
 -0.10007345345343223     
 -0.10052772742356346     
 -0.10097145611600249     
 -0.10140375396029933     
 -0.10182375930584034     
 -0.10223063511153607     
 -0.10262356958096533     
 -0.10300177674472552     
 -0.10336449699185721     
 -0.10371099755231547     
 -0.10404057293255066     
 -0.10435254530633356     
 -0.10464626486302356     
 -0.10492111011551933     
 -0.10517648817016438     
 -0.10541183496089347     
 -0.10562661544990801     
 -0.10582032379715309     
 -0.10599248350084441     
 -0.10614264751124891     
 -0.10627039831987339     
 -0.10637534802614353     
 -0.10645713838358364     
 -0.10651544082741213     
 -0.10654995648537112     
 -0.10656041617349712     
 -0.10654658037842030     
 -0.10650823922765280     
 -0.10644521244919138     
 -0.10635734932161781     
 -0.10624452861573380     
 -0.10610665852861552     
 -0.10594367661081598     
 -0.10575554968728705     
 -0.10554227377243118     
 -0.10530387397953304     
 -0.10504040442466184     
 -0.10475194812497168     
 -0.10443861689117696     
 -0.10410055121381781     
 -0.10373792014278974     
 -0.10335092115945944     
 -0.10293978004055405     
 -0.10250475071288009     
 -0.10204611509780119     
 -0.10156418294429143     
 -0.10105929164927262     
 -0.10053180606384929     
  -9.9982118283967469E-002
  -9.9410647423951545E-002
  -9.8817839371307351E-002
  -9.8204166521131786E-002
  -9.7570127488429623E-002
  -9.6916246796613051E-002
  -9.6243074540447351E-002
  -9.5551186021708201E-002
  -9.4841181355828294E-002
  -9.4113685047842788E-002
  -9.3369345535979337E-002
  -9.2608834701299339E-002
  -9.1832847341858662E-002
  -9.1042100609942875E-002
  -9.0237333411018888E-002
  -8.9419305763157625E-002
  -8.8588798115791595E-002
  -8.7746610626806568E-002
  -8.6893562397100568E-002
  -8.6030490661893888E-002
  -8.5158249938231789E-002
  -8.4277711128287372E-002
  -8.3389760578246611E-002
  -8.2495299092737312E-002
  -8.1595240904951349E-002
  -8.0690512602800316E-002
  -7.9782052011641402E-002
  -7.8870807034306697E-002
  -7.7957734449372817E-002
  -7.7043798668806174E-002
  -7.6129970456324275E-002
  -7.5217225608009974E-002
  -7.4306543596918656E-002
  -7.3398906183610821E-002
  -7.2495295994734796E-002
  -7.1596695071972305E-002
  -7.0704083393837824E-002
  -6.9818437372998643E-002
  -6.8940728331947851E-002
  -6.8071920960018156E-002
  -6.7212971754876269E-002
  -6.6364827451770705E-002
  -6.5528423443936792E-002
  -6.4704682197675736E-002
  -6.3894511665728251E-002
  -6.3098803702654832E-002
  -6.2318432486010517E-002
  -6.1554252947167029E-002
  -6.0807099215684939E-002
  -6.0077783081173855E-002
  -5.9367092476599236E-002
  -5.8675789987003402E-002
  -5.8004611387597833E-002
  -5.7354264215162591E-002
  -5.6725426376651615E-002
  -5.6118744798850512E-002
  -5.5534834122867596E-002
  -5.4974275447159972E-002
  -5.4437615122700726E-002
  -5.3925363603789848E-002
  -5.3437994357886660E-002
  -5.2975942837715589E-002
  -5.2539605518746896E-002
  -5.2129339005003147E-002
  -5.1745459205973551E-002
  -5.1388240587244192E-002
  -5.1057915497265009E-002
  -5.0754673572482971E-002
  -5.0478661222866789E-002
  -5.0229981199642532E-002
  -5.0008692246843227E-002
  -4.9814808838056050E-002
  -4.9648300999527217E-002
  -4.9509094220554772E-002
  -4.9397069451871063E-002
  -4.9312063192481700E-002
  -4.9253867665196127E-002
  -4.9222231080848874E-002
  -4.9216857990979121E-002
  -4.9237409728502754E-002
  -4.9283504935681663E-002
  -4.9354720178468973E-002
  -4.9450590646084341E-002
  -4.9570610934456028E-002
  -4.9714235911951919E-002
  -4.9880881665614593E-002
  -5.0069926525913015E-002
  -5.0280712167830185E-002
  -5.0512544785917490E-002
  -5.0764696340769196E-002
  -5.1036405874197999E-002
  -5.1326880890232407E-002
  -5.1635298798902884E-002
  -5.1960808419641791E-002
  -5.2302531540988670E-002
  -5.2659564533168279E-002
  -5.3030980009998646E-002
  -5.3415828536481219E-002
  -5.3813140378335789E-002
  -5.4221927289660590E-002
  -5.4641184334828341E-002
  -5.5069891740668959E-002
  -5.5507016774941804E-002
  -5.5951515647060135E-002
  -5.6402335427005117E-002
  -5.6858415978347662E-002
  -5.7318691901289964E-002
  -5.7782094481641490E-002
  -5.8247553641657235E-002
  -5.8713999888687432E-002
  -5.9180366257622033E-002
  -5.9645590243150755E-002
  -6.0108615717912560E-002
  -6.0568394832664185E-002
  -6.1023889894664833E-002
  -6.1474075220548118E-002
  -6.1917938960033406E-002
  -6.2354484886918596E-002
  -6.2782734153891281E-002
  -6.3201727007796998E-002
  -6.3610524462112225E-002
  -6.4008209923483453E-002
  -6.4393890769311901E-002
  -6.4766699873489542E-002
  -6.5125797077518199E-002
  -6.5470370604380185E-002
  -6.5799638412661912E-002
  -6.6112849488575903E-002
  -6.6409285073668861E-002
  -6.6688259826148941E-002
  -6.6949122913918399E-002
  -6.7191259037544193E-002
  -6.7414089381556852E-002
  -6.7617072492619626E-002
  -6.7799705083268769E-002
  -6.7961522760080106E-002
  -6.8102100675277527E-002
  -6.8221054100954762E-002
  -6.8318038925242755E-002
  -6.8392752069909829E-002
  -6.8444931829042155E-002
  -6.8474358128607429E-002
  -6.8480852706861287E-002
  -6.8464279215709647E-002
  -6.8424543243294902E-002
  -6.8361592258223108E-002
  -6.8275415476001397E-002
  -6.8166043648399663E-002
  -6.8033548776596550E-002
  -6.7878043749111647E-002
  -6.7699681905665582E-002
  -6.7498656528243869E-002
  -6.7275200260775908E-002
  -6.7029584458967076E-002
  -6.6762118471949378E-002
  -6.6473148857535955E-002
  -6.6163058532983821E-002
  -6.5832265863280170E-002
  -6.5481223689078591E-002
  -6.5110418296512679E-002
  -6.4720368331216166E-002
  -6.4311623658969724E-002
  -6.3884764175486289E-002
  -6.3440398567927547E-002
  -6.2979163030824098E-002
  -6.2501719939141748E-002
  -6.2008756481306632E-002
  -6.1500983255057255E-002
  -6.0979132829051437E-002
  -6.0443958273201252E-002
  -5.9896231660752773E-002
  -5.9336742545163780E-002
  -5.8766296414861828E-002
  -5.8185713128989687E-002
  -5.7595825337261299E-002
  -5.6997476887063428E-002
  -5.6391521220941598E-002
  -5.5778819767608082E-002
  -5.5160240329600367E-002
  -5.4536655470705200E-002
  -5.3908940906241862E-002
  -5.3277973899270928E-002
  -5.2644631665763025E-002
  -5.2009789791721148E-002
  -5.1374320665207161E-002
  -5.0739091926170654E-002
  -5.0104964936922528E-002
  -4.9472793276034113E-002
  -4.8843421258375090E-002
  -4.8217682483930643E-002
  -4.7596398417962038E-002
  -4.6980377004991886E-002
  -4.6370411319009083E-002
  -4.5767278252197161E-002
  -4.5171737244396257E-002
  -4.4584529055407260E-002
  -4.4006374582147602E-002
  -4.3437973722560121E-002
  -4.2880004288068416E-002
  -4.2333120966260560E-002
  -4.1797954335369661E-002
  -4.1275109932001564E-002
  -4.0765167373443809E-002
  -4.0268679535768820E-002
  -3.9786171788823169E-002
  -3.9318141289072767E-002
  -3.8865056331149735E-002
  -3.8427355758824111E-002
  -3.8005448435997978E-002
  -3.7599712778197111E-002
  -3.7210496344910297E-002
  -3.6838115493004017E-002
  -3.6482855091317171E-002
  -3.6144968296419902E-002
  -3.5824676389399901E-002
  -3.5522168673421457E-002
  -3.5237602431686166E-002
  -3.4971102945308384E-002
  -3.4722763570507874E-002
  -3.4492645874410380E-002
  -3.4280779828640709E-002
  -3.4087164059787622E-002
  -3.3911766155718767E-002
  -3.3754523026625169E-002
  -3.3615341319579953E-002
  -3.3494097885304372E-002
  -3.3390640295745913E-002
  -3.3304787410989356E-002
  -3.3236329993941036E-002
  -3.3185031371149809E-002
  -3.3150628138056776E-002
  -3.3132830906895533E-002
  -3.3131325095402883E-002
  -3.3145771754438433E-002
  -3.3175808432556270E-002
  -3.3221050075521272E-002
  -3.3281089958715038E-002
  -3.3355500650334477E-002
  -3.3443835003248101E-002
  -3.3545627173341419E-002
  -3.3660393662153842E-002
  -3.3787634381585108E-002
  -3.3926833738428780E-002
  -3.4077461736475217E-002
  -3.4238975093914284E-002
  -3.4410818373762010E-002
  -3.4592425125032258E-002
  -3.4783219032376314E-002
  -3.4982615071919410E-002
  -3.5190020671033218E-002
  -3.5404836869797285E-002
  -3.5626459481921433E-002
  -3.5854280252922817E-002
  -3.6087688013377923E-002
  -3.6326069825099908E-002
  -3.6568812118125127E-002
  -3.6815301816430765E-002
  -3.7064927450346397E-002
  -3.7317080253666576E-002
  -3.7571155243519908E-002
  -3.7826552281101232E-002
  -3.8082677111427807E-002
  -3.8338942380337852E-002
  -3.8594768627010390E-002
  -3.8849585250348317E-002
  -3.9102831447632547E-002
  -3.9353957123923984E-002
  -3.9602423770759822E-002
  -3.9847705312765158E-002
  -4.0089288920875675E-002
  -4.0326675790943511E-002
  -4.0559381886579704E-002
  -4.0786938645164909E-002
  -4.1008893646044854E-002
  -4.1224811240008430E-002
  -4.1434273139233903E-002
  -4.1636878966971810E-002
  -4.1832246766322814E-002
  -4.2020013467554310E-002
  -4.2199835313488684E-002
  -4.2371388242584948E-002
  -4.2534368229422699E-002
  -4.2688491582387883E-002
  -4.2833495198447168E-002
  -4.2969136774985761E-002
  -4.3095194978772067E-002
  -4.3211469572198430E-002
  -4.3317781497033747E-002
  -4.3413972916008584E-002
  -4.3499907212636045E-002
  -4.3575468949756294E-002
  -4.3640563787369066E-002
  -4.3695118360401970E-002
  -4.3739080117135301E-002
  -4.3772417119080545E-002
  -4.3795117803181974E-002
  -4.3807190707280411E-002
  -4.3808664159844871E-002
  -4.3799585935044315E-002
  -4.3780022874290309E-002
  -4.3750060475443719E-002
  -4.3709802450930785E-002
  -4.3659370256068503E-002
  -4.3598902588946706E-002
  -4.3528554863261119E-002
  -4.3448498655531867E-002
  -4.3358921128181585E-002
  -4.3260024429981739E-002
  -4.3152025075405512E-002
  -4.3035153304454205E-002
  -4.2909652424546141E-002
  -4.2775778136076741E-002
  -4.2633797843274090E-002
  -4.2483989951985643E-002
  -4.2326643156039206E-002
  -4.2162055713825225E-002
  -4.1990534716747636E-002
  -4.1812395351185666E-002
  -4.1627960155602661E-002
  -4.1437558274425135E-002
  -4.1241524710301208E-002
  -4.1040199576328297E-002
  -4.0833927349818638E-002
  -4.0623056129144408E-002
  -4.0407936895176647E-002
  -4.0188922778799818E-002
  -3.9966368335948008E-002
  -3.9740628831572519E-002
  -3.9512059533907691E-002
  -3.9281015020360785E-002
  -3.9047848496303848E-002
  -3.8812911127998548E-002
  -3.8576551390833907E-002
  -3.8339114434005048E-002
  -3.8100941462706067E-002
  -3.7862369138854921E-002
  -3.7623729001310488E-002
  -3.7385346906482639E-002
  -3.7147542490177848E-002
  -3.6910628651459401E-002
  -3.6674911059242185E-002
  -3.6440687682277775E-002
  -3.6208248343123597E-002
  -3.5977874296626633E-002
  -3.5749837833388580E-002
  -3.5524401908616984E-002
  -3.5301819796702515E-002
  -3.5082334771801491E-002
  -3.4866179814639478E-002
  -3.4653577345690759E-002
  -3.4444738984827819E-002
  -3.4239865337475348E-002
  -3.4039145807244153E-002
  -3.3842758434964017E-002
  -3.3650869763977354E-002
  -3.3463634731500963E-002
  -3.3281196585811156E-002
  -3.3103686828954787E-002
  -3.2931225184639368E-002
  -3.2763919590907950E-002
  -3.2601866217157535E-002
  -3.2445149505016924E-002
  -3.2293842232556283E-002
  -3.2148005601262131E-002
  -3.2007689345172508E-002
  -3.1872931861532144E-002
  -3.1743760362293205E-002
  -3.1620191045756335E-002
  -3.1502229287617423E-002
  -3.1389869850658572E-002
  -3.1283097112297251E-002
  -3.1181885309185062E-002
  -3.1086198798027743E-002
  -3.0995992331779472E-002
  -3.0911211350349296E-002
  -3.0831792284944159E-002
  -3.0757662875160425E-002
  -3.0688742497928120E-002
  -3.0624942507403531E-002
  -3.0566166584901432E-002
  -3.0512311097954693E-002
  -3.0463265467587361E-002
  -3.0418912542889243E-002
  -3.0379128981980658E-002
  -3.0343785638462042E-002
  -3.0312747952447736E-002
  -3.0285876345291722E-002
  -3.0263026617121942E-002
  -3.0244050346310846E-002
  -3.0228795290021947E-002
  -3.0217105784985678E-002
  -3.0208823147673331E-002
  -3.0203786073053584E-002
  -3.0201831031134461E-002
  -3.0202792660511069E-002
  -3.0206504158160542E-002
  -3.0212797664745668E-002
  -3.0221504644710458E-002
  -3.0232456260474015E-002
  -3.0245483740052388E-002
  -3.0260418737462144E-002
  -3.0277093685285094E-002
  -3.0295342138798701E-002
  -3.0314999111103681E-002
  -3.0335901398706212E-002
  -3.0357887897040973E-002
  -3.0380799905447852E-002
  -3.0404481421144307E-002
  -3.0428779421763204E-002
  -3.0453544136055888E-002
  -3.0478629302388285E-002
  -3.0503892414688462E-002
  -3.0529194955532437E-002
  -3.0554402616085639E-002
  -3.0579385502646803E-002
  -3.0604018329570947E-002
  -3.0628180598377724E-002
  -3.0651756762881600E-002
  -3.0674636380209473E-002
  -3.0696714247601471E-002
  -3.0717890524919276E-002
  -3.0738070842816295E-002
  -3.0757166396552373E-002
  -3.0775094025464557E-002
  -3.0791776278133846E-002
  -3.0807141463315584E-002
  -3.0821123686729131E-002
  -3.0833662873828858E-002
  -3.0844704778706284E-002
  -3.0854200979298130E-002
  -3.0862108859101785E-002
  -3.0868391575623749E-002
  -3.0873018015812066E-002
  -3.0875962738746543E-002
  -3.0877205905884688E-002
  -3.0876733199182636E-002
  -3.0874535727432959E-002
  -3.0870609921181572E-002
  -3.0864957416605884E-002
  -3.0857584928756194E-002
  -3.0848504114579702E-002
  -3.0837731426164992E-002
  -3.0825287954660153E-002
  -3.0811199265334099E-002
  -3.0795495224264755E-002
  -3.0778209817151101E-002
  -3.0759380960758767E-002
  -3.0739050307519996E-002
  -3.0717263043818856E-002
  -3.0694067682502237E-002
  -3.0669515850164423E-002
  -3.0643662069760227E-002
  -3.0616563539107376E-002
  -3.0588279905842956E-002
  -3.0558873039402242E-002
  -3.0528406800589901E-002
  -3.0496946809315063E-002
  -3.0464560211060619E-002
  -3.0431315442655853E-002
  -3.0397281997918749E-002
  -3.0362530193730145E-002
  -3.0327130937096710E-002
  -3.0291155493753451E-002
  -3.0254675258848278E-002
  -3.0217761530243584E-002
  -3.0180485284958293E-002
  -3.0142916959264202E-002
  -3.0105126232937599E-002
  -3.0067181818153935E-002
  -3.0029151253499461E-002
  -2.9991100703558062E-002
  -2.9953094764515624E-002
  -2.9915196276206913E-002
  -2.9877466141011898E-002
  -2.9839963149989879E-002
  -2.9802743816619154E-002
  -2.9765862218490993E-002
  -2.9729369847283704E-002
  -2.9693315467322397E-002
  -2.9657744983006225E-002
  -2.9622701315362980E-002
  -2.9588224287966643E-002
  -2.9554350522429943E-002
  -2.9521113343659505E-002
  -2.9488542695036684E-002
  -2.9456665063662110E-002
  -2.9425503415777002E-002
  -2.9395077142449051E-002
  -2.9365402015585171E-002
  -2.9336490154308687E-002
  -2.9308350001712512E-002
  -2.9280986311975208E-002
  -2.9254400147801639E-002
  -2.9228588888125375E-002
  -2.9203546245985351E-002
  -2.9179262296465218E-002
  -2.9155723514560083E-002
  -2.9132912822812478E-002
  -2.9110809648536105E-002
  -2.9089389990424087E-002
  -2.9068626494317015E-002
  -2.9048488537885109E-002
  -2.9028942323958546E-002
  -2.9009950982220971E-002
  -2.8991474678962452E-002
  -2.8973470734570426E-002
  -2.8955893748420405E-002
  -2.8938695730812404E-002
  -2.8921826241583872E-002
  -2.8905232535016392E-002
  -2.8888859710639699E-002
  -2.8872650869525684E-002
  -2.8856547275653205E-002
  -2.8840488521915224E-002
  -2.8824412700331408E-002
  -2.8808256576020836E-002
  -2.8791955764483946E-002
  -2.8775444911736836E-002
  -2.8758657876837051E-002
  -2.8741527916337009E-002
  -2.8723987870198892E-002
  -2.8705970348704195E-002
  -2.8687407919891345E-002
  -2.8668233297056318E-002
  -2.8648379525852748E-002
  -2.8627780170533187E-002
  -2.8606369498875819E-002
  -2.8584082665347989E-002
  -2.8560855892063863E-002
  -2.8536626647101136E-002
  -2.8511333819750566E-002
  -2.8484917892281126E-002
  -2.8457321107814845E-002
  -2.8428487633915357E-002
  -2.8398363721507537E-002
  -2.8366897858758025E-002
  -2.8334040919559725E-002
  -2.8299746306278416E-002
  -2.8263970086434533E-002
  -2.8226671123008376E-002
  -2.8187811198074387E-002
  -2.8147355129485553E-002
  -2.8105270880348417E-002
  -2.8061529661044700E-002
  -2.8016106023576251E-002
  -2.7968977948026618E-002
  -2.7920126920953248E-002
  -2.7869538005542621E-002
  -2.7817199903380729E-002
  -2.7763105007710787E-002
  -2.7707249448070442E-002
  -2.7649633126220222E-002
  -2.7590259743295733E-002
  -2.7529136818135690E-002
  -2.7466275696758458E-002
  -2.7401691552979491E-002
  -2.7335403380182425E-002
  -2.7267433974275761E-002
  -2.7197809907887529E-002
  -2.7126561495868839E-002
  -2.7053722752197053E-002
  -2.6979331338387546E-002
  -2.6903428503542048E-002
  -2.6826059016178960E-002
  -2.6747271088009492E-002
  -2.6667116289839626E-002
  -2.6585649459795906E-002
  -2.6502928604087744E-002
  -2.6419014790536269E-002
  -2.6333972035112906E-002
  -2.6247867181747361E-002
  -2.6160769775676499E-002
  -2.6072751930620502E-002
  -2.5983888190084049E-002
  -2.5894255383092431E-002
  -2.5803932474683853E-002
  -2.5713000411489034E-002
  -2.5621541962738865E-002
  -2.5529641557050446E-002
  -2.5437385115348432E-002
  -2.5344859880287497E-002
  -2.5252154242546652E-002
  -2.5159357564373076E-002
  -2.5066560000756646E-002
  -2.4973852318621783E-002
  -2.4881325714425005E-002
  -2.4789071630549522E-002
  -2.4697181570890129E-002
  -2.4605746916021409E-002
  -2.4514858738342634E-002
  -2.4424607617591972E-002
  -2.4335083457120116E-002
  -2.4246375301311428E-002
  -2.4158571154537324E-002
  -2.4071757802021726E-002
  -2.3986020632994407E-002
  -2.3901443466501648E-002
  -2.3818108380237322E-002
  -2.3736095542750312E-002
  -2.3655483049376477E-002
  -2.3576346762234465E-002
  -2.3498760154615269E-002
  -2.3422794160086049E-002
  -2.3348517026617655E-002
  -2.3275994176034182E-002
  -2.3205288069071347E-002
  -2.3136458076318037E-002
  -2.3069560355302506E-002
  -2.3004647733971224E-002
  -2.2941769600795071E-002
  -2.2880971801722723E-002
  -2.2822296544186552E-002
  -2.2765782308351981E-002
  -2.2711463765784368E-002
  -2.2659371705693765E-002
  -2.2609532968899945E-002
  -2.2561970389645223E-002
  -2.2516702745365619E-002
  -2.2473744714514202E-002
  -2.2433106842513807E-002
  -2.2394795515899620E-002
  -2.2358812944694550E-002
  -2.2325157153044173E-002
  -2.2293821978120111E-002
  -2.2264797077284404E-002
  -2.2238067943490210E-002
  -2.2213615928877269E-002
  -2.2191418276504154E-002
  -2.2171448160142507E-002
  -2.2153674732042335E-002
  -2.2138063178561242E-002
  -2.2124574783534686E-002
  -2.2113166999248934E-002
  -2.2103793524862775E-002
  -2.2096404392109921E-002
  -2.2090946058098634E-002
  -2.2087361505012192E-002
  -2.2085590346499252E-002
  -2.2085568940530435E-002
  -2.2087230508485104E-002
  -2.2090505260219731E-002
  -2.2095320524857930E-002
  -2.2101600887031544E-002
  -2.2109268328291038E-002
  -2.2118242373394503E-002
  -2.2128440241175121E-002
  -2.2139776999677962E-002
  -2.2152165725250000E-002
  -2.2165517665259430E-002
  -2.2179742404114296E-002
  -2.2194748032244277E-002
  -2.2210441317704534E-002
  -2.2226727880056828E-002
  -2.2243512366178213E-002
  -2.2260698627645820E-002
  -2.2278189899343749E-002
  -2.2295888978936439E-002
  -2.2313698406852413E-002
  -2.2331520646422364E-002
  -2.2349258263816195E-002
  -2.2366814107425421E-002
  -2.2384091486338825E-002
  -2.2400994347563402E-002
  -2.2417427451644989E-002
  -2.2433296546348333E-002
  -2.2448508538060696E-002
  -2.2462971660589203E-002
  -2.2476595641028198E-002
  -2.2489291862380204E-002
  -2.2500973522621186E-002
  -2.2511555789909630E-002
  -2.2520955953647209E-002
  -2.2529093571108504E-002
  -2.2535890609367053E-002
  -2.2541271582255409E-002
  -2.2545163682107718E-002
  -2.2547496906044955E-002
  -2.2548204176574504E-002
  -2.2547221456288180E-002
  -2.2544487856455325E-002
  -2.2539945739320902E-002
  -2.2533540813931257E-002
  -2.2525222225324246E-002
  -2.2514942636934692E-002
  -2.2502658306079341E-002
  -2.2488329152400659E-002
  -2.2471918819163071E-002
  -2.2453394727309853E-002
  -2.2432728122203906E-002
  -2.2409894112990349E-002
  -2.2384871704534109E-002
  -2.2357643821900138E-002
  -2.2328197327359734E-002
  -2.2296523029920461E-002
  -2.2262615687392656E-002
  -2.2226474001020208E-002
  -2.2188100602717666E-002
  -2.2147502034970682E-002
  -2.2104688723470663E-002
  -2.2059674942568951E-002
  -2.2012478773649702E-002
  -2.1963122056533831E-002
  -2.1911630334040293E-002
  -2.1858032789843482E-002
  -2.1802362179778424E-002
  -2.1744654756757537E-002
  -2.1684950189474712E-002
  -2.1623291475083940E-002
  -2.1559724846050690E-002
  -2.1494299671384755E-002
  -2.1427068352473464E-002
  -2.1358086213743771E-002
  -2.1287411388390687E-002
  -2.1215104699418178E-002
  -2.1141229536246704E-002
  -2.1065851727148911E-002
  -2.0989039407782149E-002
  -2.0910862886092299E-002
  -2.0831394503869768E-002
  -2.0750708495243124E-002
  -2.0668880842400830E-002
  -2.0585989128834782E-002
  -2.0502112390403622E-002
  -2.0417330964515673E-002
  -2.0331726337733714E-002
  -2.0245380992105471E-002
  -2.0158378250524144E-002
  -2.0070802121423842E-002
  -1.9982737143114295E-002
  -1.9894268228058135E-002
  -1.9805480507392444E-002
  -1.9716459175994270E-002
  -1.9627289338386762E-002
  -1.9538055855779116E-002
  -1.9448843194530104E-002
  -1.9359735276319755E-002
  -1.9270815330309329E-002
  -1.9182165747563425E-002
  -1.9093867938002884E-002
  -1.9006002190149491E-002
  -1.8918647533917258E-002
  -1.8831881606696892E-002
  -1.8745780522972388E-002
  -1.8660418747699945E-002
  -1.8575868973670702E-002
  -1.8492202003069429E-002
  -1.8409486633431761E-002
  -1.8327789548192308E-002
  -1.8247175212005886E-002
  -1.8167705771013485E-002
  -1.8089440958213247E-002
  -1.8012438004086345E-002
  -1.7936751552615180E-002
  -1.7862433582820660E-002
  -1.7789533335932882E-002
  -1.7718097248297753E-002
  -1.7648168890110148E-002
  -1.7579788910051550E-002
  -1.7512994985898218E-002
  -1.7447821781153401E-002
  -1.7384300907744624E-002
  -1.7322460894814901E-002
  -1.7262327163624004E-002
  -1.7203922008563913E-002
  -1.7147264584280172E-002
  -1.7092370898878478E-002
  -1.7039253813184222E-002
  -1.6987923046010250E-002
  -1.6938385185376825E-002
  -1.6890643705616045E-002
  -1.6844698990281296E-002
  -1.6800548360771918E-002
  -1.6758186110571564E-002
  -1.6717603544989013E-002
  -1.6678789026279051E-002
  -1.6641728024011853E-002
  -1.6606403170549094E-002
  -1.6572794321476240E-002
  -1.6540878620830902E-002
  -1.6510630570959531E-002
  -1.6482022106825728E-002
  -1.6455022674586491E-002
  -1.6429599314244911E-002
  -1.6405716746181378E-002
  -1.6383337461358807E-002
  -1.6362421814991829E-002
  -1.6342928123463760E-002
  -1.6324812764271383E-002
  -1.6308030278771809E-002
  -1.6292533477503014E-002
  -1.6278273547845244E-002
  -1.6265200163788084E-002
  -1.6253261597565551E-002
  -1.6242404832919343E-002
  -1.6232575679749471E-002
  -1.6223718889910053E-002
  -1.6215778273908299E-002
  -1.6208696818264444E-002
  -1.6202416803291028E-002
  -1.6196879921051361E-002
  -1.6192027393258458E-002
  -1.6187800088877807E-002
  -1.6184138641200094E-002
  -1.6180983564152852E-002
  -1.6178275367623965E-002
  -1.6175954671573380E-002
  -1.6173962318714270E-002
  -1.6172239485549456E-002
  -1.6170727791554415E-002
  -1.6169369406303421E-002
  -1.6168107154341967E-002
  -1.6166884617614535E-002
  -1.6165646235263807E-002
  -1.6164337400624396E-002
  -1.6162904555241567E-002
  -1.6161295279753202E-002
  -1.6159458381481133E-002
  -1.6157343978586196E-002
  -1.6154903580649946E-002
  -1.6152090165554588E-002
  -1.6148858252541448E-002
  -1.6145163971337598E-002
  -1.6140965127249319E-002
  -1.6136221262130605E-002
  -1.6130893711143932E-002
  -1.6124945655240731E-002
  -1.6118342169298149E-002
  -1.6111050265858646E-002
  -1.6103038934428326E-002
  -1.6094279176300127E-002
  -1.6084744034877328E-002
  -1.6074408621482492E-002
  -1.6063250136647025E-002
  -1.6051247886885344E-002
  -1.6038383296967863E-002
  -1.6024639917715577E-002
  -1.6010003429349249E-002
  -1.5994461640433777E-002
  -1.5978004482468895E-002
  -1.5960624000184533E-002
  -1.5942314337608794E-002
  -1.5923071719983927E-002
  -1.5902894431614283E-002
  -1.5881782789737564E-002
  -1.5859739114518843E-002
  -1.5836767695272928E-002
  -1.5812874753028908E-002
  -1.5788068399556272E-002
  -1.5762358592978924E-002
  -1.5735757090108986E-002
  -1.5708277395638348E-002
  -1.5679934708330873E-002
  -1.5650745864362946E-002
  -1.5620729277965387E-002
  -1.5589904879522932E-002
  -1.5558294051292183E-002
  -1.5525919560901755E-002
  -1.5492805492801791E-002
  -1.5458977177832494E-002
  -1.5424461121083689E-002
  -1.5389284928219223E-002
  -1.5353477230441642E-002
  -1.5317067608273619E-002
  -1.5280086514333248E-002
  -1.5242565195280791E-002
  -1.5204535613114398E-002
  -1.5166030365991588E-002
  -1.5127082608753048E-002
  -1.5087725973323442E-002
  -1.5047994489162851E-002
  -1.5007922503940344E-002
  -1.4967544604599058E-002
  -1.4926895538979270E-002
  -1.4886010138163271E-002
  -1.4844923239702493E-002
  -1.4803669611883841E-002
  -1.4762283879187928E-002
  -1.4720800449088210E-002
  -1.4679253440335185E-002
  -1.4637676612865257E-002
  -1.4596103299468914E-002
  -1.4554566339347180E-002
  -1.4513098013680576E-002
  -1.4471729983328428E-002
  -1.4430493228770849E-002
  -1.4389417992399459E-002
  -1.4348533723256788E-002
  -1.4307869024317754E-002
  -1.4267451602400040E-002
  -1.4227308220783677E-002
  -1.4187464654613031E-002
  -1.4147945649147793E-002
  -1.4108774880922284E-002
  -1.4069974921865812E-002
  -1.4031567206428779E-002
  -1.3993572001753562E-002
  -1.3956008380920308E-002
  -1.3918894199292160E-002
  -1.3882246073976260E-002
  -1.3846079366410233E-002
  -1.3810408168076840E-002
  -1.3775245289341854E-002
  -1.3740602251404208E-002
  -1.3706489281339957E-002
  -1.3672915310214865E-002
  -1.3639887974234079E-002
  -1.3607413618890802E-002
  -1.3575497306069190E-002
  -1.3544142824050955E-002
  -1.3513352700368797E-002
  -1.3483128217443904E-002
  -1.3453469430939571E-002
  -1.3424375190756704E-002
  -1.3395843164592545E-002
  -1.3367869863978515E-002
  -1.3340450672708143E-002
  -1.3313579877561908E-002
  -1.3287250701231188E-002
  -1.3261455337339651E-002
  -1.3236184987456361E-002
  -1.3211429899991817E-002
  -1.3187179410864457E-002
  -1.3163421985822453E-002
  -1.3140145264302842E-002
  -1.3117336104707673E-002
  -1.3094980630974841E-002
  -1.3073064280319444E-002
  -1.3051571852019671E-002
  -1.3030487557120798E-002
  -1.3009795068929093E-002
  -1.2989477574167300E-002
  -1.2969517824663102E-002
  -1.2949898189441603E-002
  -1.2930600707093499E-002
  -1.2911607138291040E-002
  -1.2892899018324383E-002
  -1.2874457709533032E-002
  -1.2856264453507137E-002
  -1.2838300422936239E-002
  -1.2820546772984585E-002
  -1.2802984692073919E-002
  -1.2785595451958079E-002
  -1.2768360456975446E-002
  -1.2751261292368796E-002
  -1.2734279771565288E-002
  -1.2717397982312501E-002
  -1.2700598331569970E-002
  -1.2683863589059815E-002
  -1.2667176929383982E-002
  -1.2650521972619323E-002
  -1.2633882823306734E-002
  -1.2617244107754763E-002
  -1.2600591009582683E-002
  -1.2583909303433071E-002
  -1.2567185386788485E-002
  -1.2550406309832306E-002
  -1.2533559803298556E-002
  -1.2516634304260900E-002
  -1.2499618979816225E-002
  -1.2482503748623790E-002
  -1.2465279300265843E-002
  -1.2447937112401594E-002
  -1.2430469465691523E-002
  -1.2412869456474549E-002
  -1.2395131007186116E-002
  -1.2377248874510752E-002
  -1.2359218655267842E-002
  -1.2341036790034874E-002
  -1.2322700564518108E-002
  -1.2304208108685055E-002
  -1.2285558393679331E-002
  -1.2266751226542749E-002
  -1.2247787242775095E-002
  -1.2228667896766611E-002
  -1.2209395450143080E-002
  -1.2189972958068205E-002
  -1.2170404253552303E-002
  -1.2150693929821044E-002
  -1.2130847320801410E-002
  -1.2110870479787449E-002
  -1.2090770156350718E-002
  -1.2070553771565386E-002
  -1.2050229391620468E-002
  -1.2029805699895708E-002
  -1.2009291967580348E-002
  -1.1988698022917049E-002
  -1.1968034219155935E-002
  -1.1947311401306247E-002
  -1.1926540871775453E-002
  -1.1905734354987447E-002
  -1.1884903961073581E-002
  -1.1864062148731692E-002
  -1.1843221687349685E-002
  -1.1822395618491507E-002
  -1.1801597216844012E-002
  -1.1780839950723876E-002
  -1.1760137442244623E-002
  -1.1739503427243187E-002
  -1.1718951715066338E-002
  -1.1698496148316088E-002
  -1.1678150562653682E-002
  -1.1657928746760016E-002
  -1.1637844402550394E-002
  -1.1617911105739519E-002
  -1.1598142266851935E-002
  -1.1578551092770725E-002
  -1.1559150548916628E-002
  -1.1539953322146596E-002
  -1.1520971784459197E-002
  -1.1502217957592018E-002
  -1.1483703478593173E-002
  -1.1465439566446849E-002
  -1.1447436989829425E-002
  -1.1429706036070037E-002
  -1.1412256481385909E-002
  -1.1395097562459777E-002
  -1.1378237949422939E-002
  -1.1361685720303914E-002
  -1.1345448336999197E-002
  -1.1329532622818363E-002
  -1.1313944741652222E-002
  -1.1298690178808361E-002
  -1.1283773723554647E-002
  -1.1269199453406611E-002
  -1.1254970720191031E-002
  -1.1241090137913079E-002
  -1.1227559572450599E-002
  -1.1214380133094375E-002
  -1.1201552165949053E-002
  -1.1189075249204844E-002
  -1.1176948190285991E-002
  -1.1165169024877276E-002
  -1.1153735017825638E-002
  -1.1142642665909842E-002
  -1.1131887702466401E-002
  -1.1121465103856001E-002
  -1.1111369097750561E-002
  -1.1101593173216493E-002
  -1.1092130092566401E-002
  -1.1082971904946663E-002
  -1.1074109961625139E-002
  -1.1065534932939027E-002
  -1.1057236826859503E-002
  -1.1049205009126119E-002
  -1.1041428224900417E-002
  -1.1033894621885074E-002
  -1.1026591774851689E-002
  -1.1019506711517340E-002
  -1.1012625939706758E-002
  -1.1005935475735237E-002
  -1.0999420873943632E-002
  -1.0993067257315286E-002
  -1.0986859349102266E-002
  -1.0980781505385943E-002
  -1.0974817748495715E-002
  -1.0968951801207275E-002
  -1.0963167121640850E-002
  -1.0957446938778394E-002
  -1.0951774288517312E-002
  -1.0946132050177946E-002
  -1.0940502983380597E-002
  -1.0934869765207939E-002
  -1.0929215027567826E-002
  -1.0923521394671825E-002
  -1.0917771520544229E-002
  -1.0911948126477146E-002
  -1.0906034038347206E-002
  -1.0900012223710245E-002
  -1.0893865828590983E-002
  -1.0887578213885859E-002
  -1.0881132991298038E-002
  -1.0874514058725325E-002
  -1.0867705635022571E-002
  -1.0860692294062790E-002
  -1.0853458998021918E-002
  -1.0845991129814894E-002
  -1.0838274524612796E-002
  -1.0830295500372563E-002
  -1.0822040887313904E-002
  -1.0813498056279975E-002
  -1.0804654945921685E-002
  -1.0795500088647637E-002
  -1.0786022635285292E-002
  -1.0776212378401477E-002
  -1.0766059774233904E-002
  -1.0755555963188178E-002
  -1.0744692788858586E-002
  -1.0733462815533876E-002
  -1.0721859344153029E-002
  -1.0709876426679563E-002
  -1.0697508878866245E-002
  -1.0684752291385879E-002
  -1.0671603039307840E-002
  -1.0658058289902808E-002
  -1.0644116008763190E-002
  -1.0629774964229143E-002
  -1.0615034730114829E-002
  -1.0599895686732783E-002
  -1.0584359020218051E-002
  -1.0568426720157769E-002
  -1.0552101575534861E-002
  -1.0535387168999256E-002
  -1.0518287869482300E-002
  -1.0500808823174751E-002
  -1.0482955942891475E-002
  -1.0464735895849810E-002
  -1.0446156089891603E-002
  -1.0427224658182445E-002
  -1.0407950442424589E-002
  -1.0388342974623387E-002
  -1.0368412457449586E-002
  -1.0348169743243363E-002
  -1.0327626311708055E-002
  -1.0306794246344699E-002
  -1.0285686209680841E-002
  -1.0264315417349075E-002
  -1.0242695611073983E-002
  -1.0220841030627200E-002
  -1.0198766384812853E-002
  -1.0176486821547683E-002
  -1.0154017897101152E-002
  -1.0131375544563018E-002
  -1.0108576041606965E-002
  -1.0085635977620071E-002
  -1.0062572220269014E-002
  -1.0039401881575042E-002
  -1.0016142283569927E-002
  -9.9928109236064634E-003
  -9.9694254393968978E-003
  -9.9460035738531821E-003
  -9.9225631398031505E-003
  -9.8991219846564817E-003
  -9.8756979550940933E-003
  -9.8523088618545744E-003
  -9.8289724446903315E-003
  -9.8057063375655805E-003
  -9.7825280341678165E-003
  -9.7594548538026960E-003
  -9.7365039077420799E-003
  -9.7136920660929015E-003
  -9.6910359252535931E-003
  -9.6685517760230245E-003
  -9.6462555724255994E-003
  -9.6241629013138694E-003
  -9.6022889528083952E-003
  -9.5806484916326831E-003
  -9.5592558293985663E-003
  -9.5381247978952866E-003
  -9.5172687234333468E-003
  -9.4967004022915164E-003
  -9.4764320773126944E-003
  -9.4564754156924620E-003
  -9.4368414880004990E-003
  -9.4175407484727927E-003
  -9.3985830166097746E-003
  -9.3799774601124285E-003
  -9.3617325791854646E-003
  -9.3438561922337751E-003
  -9.3263554229754339E-003
  -9.3092366889909496E-003
  -9.2925056917262314E-003
  -9.2761674079627661E-003
  -9.2602260827658149E-003
  -9.2446852239183863E-003
  -9.2295475978453577E-003
  -9.2148152270290877E-003
  -9.2004893889148301E-003
  -9.1865706163010812E-003
  -9.1730586992070408E-003
  -9.1599526882061161E-003
  -9.1472508992117493E-003
  -9.1349509196986360E-003
  -9.1230496163395396E-003
  -9.1115431440352314E-003
  -9.1004269563121770E-003
  -9.0896958170599979E-003
  -9.0793438135779135E-003
  -9.0693643708969623E-003
  -9.0597502673425978E-003
  -9.0504936512992087E-003
  -9.0415860591364257E-003
  -9.0330184342548789E-003
  -9.0247811472063295E-003
  -9.0168640168420931E-003
  -9.0092563324410194E-003
  -9.0019468767668295E-003
  -8.9949239500031267E-003
  -8.9881753945124793E-003
  -8.9816886203650595E-003
  -8.9754506315805130E-003
  -8.9694480530259808E-003
  -8.9636671579121259E-003
  -8.9580938958277942E-003
  -8.9527139212535085E-003
  -8.9475126224934295E-003
  -8.9424751509642707E-003
  -8.9375864507801779E-003
  -8.9328312885715230E-003
  -8.9281942834761319E-003
  -8.9236599372407507E-003
  -8.9192126643715085E-003
  -8.9148368222716386E-003
  -8.9105167413056872E-003
  -8.9062367547296101E-003
  -8.9019812284271069E-003
  -8.8977345903928882E-003
  -8.8934813599049686E-003
  -8.8892061763286741E-003
  -8.8848938274963749E-003
  -8.8805292776081568E-003
  -8.8760976945999881E-003
  -8.8715844769271593E-003
  -8.8669752797128527E-003
  -8.8622560402126863E-003
  -8.8574130025483172E-003
  -8.8524327416647508E-003
  -8.8473021864679049E-003
  -8.8420086421011172E-003
  -8.8365398113212958E-003
  -8.8308838149372647E-003
  -8.8250292112755542E-003
  -8.8189650146408144E-003
  -8.8126807127400578E-003
  -8.8061662830432944E-003
  -8.7994122080539694E-003
  -8.7924094894668188E-003
  -8.7851496611917740E-003
  -8.7776248012256947E-003
  -8.7698275423564453E-003
  -8.7617510816857223E-003
  -8.7533891889601638E-003
  -8.7447362137026453E-003
  -8.7357870911377554E-003
  -8.7265373469091710E-003
  -8.7169831005877649E-003
  -8.7071210679728235E-003
  -8.6969485621907483E-003
  -8.6864634935983794E-003
  -8.6756643685003201E-003
  -8.6645502866920729E-003
  -8.6531209378433172E-003
  -8.6413765967376724E-003
  -8.6293181173879539E-003
  -8.6169469260477943E-003
  -8.6042650131427645E-003
  -8.5912749241463283E-003
  -8.5779797494277554E-003
  -8.5643831131013738E-003
  -8.5504891609079064E-003
  -8.5363025471611592E-003
  -8.5218284207941482E-003
  -8.5070724105412790E-003
  -8.4920406092939306E-003
  -8.4767395576687866E-003
  -8.4611762268292992E-003
  -8.4453580006020323E-003
  -8.4292926569308167E-003
  -8.4129883487126002E-003
  -8.3964535840598785E-003
  -8.3796972060353574E-003
  -8.3627283719055721E-003
  -8.3455565319601847E-003
  -8.3281914079449473E-003
  -8.3106429711562457E-003
  -8.2929214202455068E-003
  -8.2750371587822502E-003
  -8.2570007726244822E-003
  -8.2388230071449887E-003
  -8.2205147443623061E-003
  -8.2020869800247080E-003
  -8.1835508006953689E-003
  -8.1649173608862730E-003
  -8.1461978602883935E-003
  -8.1274035211442268E-003
  -8.1085455658092415E-003
  -8.0896351945466960E-003
  -8.0706835636005919E-003
  -8.0517017635898074E-003
  -8.0327007982656032E-003
  -8.0136915636736736E-003
  -7.9946848277606605E-003
  -7.9756912104636327E-003
  -7.9567211643197834E-003
  -7.9377849556322364E-003
  -7.9188926462261701E-003
  -7.9000540758280106E-003
  -7.8812788450989546E-003
  -7.8625762993522336E-003
  -7.8439555129817158E-003
  -7.8254252746281228E-003
  -7.8069940731069348E-003
  -7.7886700841201598E-003
  -7.7704611577727838E-003
  -7.7523748069121476E-003
  -7.7344181963070469E-003
  -7.7165981326812912E-003
  -7.6989210556143439E-003
  -7.6813930293198468E-003
  -7.6640197353107613E-003
  -7.6468064659581322E-003
  -7.6297581189478034E-003
  -7.6128791926385331E-003
  -7.5961737823218127E-003
  -7.5796455773826481E-003
  -7.5632978593581611E-003
  -7.5471335008890639E-003
  -7.5311549655571429E-003
  -7.5153643086002982E-003
  -7.4997631784942918E-003
  -7.4843528193892297E-003
  -7.4691340743865756E-003
  -7.4541073896411264E-003
  -7.4392728192703601E-003
  -7.4246300310525024E-003
  -7.4101783128924549E-003
  -7.3959165800339434E-003
  -7.3818433829941736E-003
  -7.3679569161963984E-003
  -7.3542550272743187E-003
  -7.3407352270207955E-003
  -7.3273946999527530E-003
  -7.3142303154625048E-003
  -7.3012386395248548E-003
  -7.2884159469287398E-003
  -7.2757582340007843E-003
  -7.2632612317878181E-003
  -7.2509204196643320E-003
  -7.2387310393304920E-003
  -7.2266881091656299E-003
  -7.2147864389018289E-003
  -7.2030206445814968E-003
  -7.1913851637631053E-003
  -7.1798742709383509E-003
  -7.1684820931244148E-003
  -7.1572026255948239E-003
  -7.1460297477120502E-003
  -7.1349572388257620E-003
  -7.1239787942002329E-003
  -7.1130880409350436E-003
  -7.1022785538432942E-003
  -7.0915438712523989E-003
  -7.0808775106922899E-003
  -7.0702729844372494E-003
  -7.0597238148676564E-003
  -7.0492235496188715E-003
  -7.0387657764852223E-003
  -7.0283441380478116E-003
  -7.0179523459960313E-003
  -7.0075841951131382E-003
  -6.9972335768979411E-003
  -6.9868944927948991E-003
  -6.9765610670070033E-003
  -6.9662275588661428E-003
  -6.9558883747372971E-003
  -6.9455380794341444E-003
  -6.9351714071250459E-003
  -6.9247832717092388E-003
  -6.9143687766452175E-003
  -6.9039232242139627E-003
  -6.8934421242016139E-003
  -6.8829212019872188E-003
  -6.8723564060232147E-003
  -6.8617439146971514E-003
  -6.8510801425650837E-003
  -6.8403617459486740E-003
  -6.8295856278889865E-003
  -6.8187489424523448E-003
  -6.8078490983841736E-003
  -6.7968837621091502E-003
  -6.7858508600769814E-003
  -6.7747485804546502E-003
  -6.7635753741677775E-003
  -6.7523299552948897E-003
  -6.7410113008199470E-003
  -6.7296186497500209E-003
  -6.7181515016061684E-003
  -6.7066096142972681E-003
  -6.6949930013874906E-003
  -6.6833019287698796E-003
  -6.6715369107592619E-003
  -6.6596987056192353E-003
  -6.6477883105394292E-003
  -6.6358069560794528E-003
  -6.6237561000983720E-003
  -6.6116374211882614E-003
  -6.5994528116321977E-003
  -6.5872043699079369E-003
  -6.5748943927589343E-003
  -6.5625253668557676E-003
  -6.5500999600712102E-003
  -6.5376210123935553E-003
  -6.5250915265027756E-003
  -6.5125146580352171E-003
  -6.4998937055627259E-003
  -6.4872321003127190E-003
  -6.4745333956560576E-003
  -6.4618012563898188E-003
  -6.4490394478424924E-003
  -6.4362518248294379E-003
  -6.4234423204860037E-003
  -6.4106149350063937E-003
  -6.3977737243162310E-003
  -6.3849227887065284E-003
  -6.3720662614566125E-003
  -6.3592082974737625E-003
  -6.3463530619767075E-003
  -6.3335047192499133E-003
  -6.3206674214952713E-003
  -6.3078452978074136E-003
  -6.2950424432982460E-003
  -6.2822629083959108E-003
  -6.2695106883427880E-003
  -6.2567897129161970E-003
  -6.2441038363955474E-003
  -6.2314568277977746E-003
  -6.2188523614032792E-003
  -6.2062940075928788E-003
  -6.1937852240161288E-003
  -6.1813293471096944E-003
  -6.1689295839840591E-003
  -6.1565890046958692E-003
  -6.1443105349218152E-003
  -6.1320969490491276E-003
  -6.1199508636967624E-003
  -6.1078747316801532E-003
  -6.0958708364312331E-003
  -6.0839412868843624E-003
  -6.0720880128375537E-003
  -6.0603127607975135E-003
  -6.0486170903150602E-003
  -6.0370023708175326E-003
  -6.0254697789421663E-003
  -6.0140202963744893E-003
  -6.0026547081934861E-003
  -5.9913736017251293E-003
  -5.9801773659037202E-003
  -5.9690661911399358E-003
  -5.9580400696930581E-003
  -5.9470987965436241E-003
  -5.9362419707617714E-003
  -5.9254689973652699E-003
  -5.9147790896601736E-003
  -5.9041712720559643E-003
  -5.8936443833458620E-003
  -5.8831970804421110E-003
  -5.8728278425549604E-003
  -5.8625349758030625E-003
  -5.8523166182420303E-003
  -5.8421707452972343E-003
  -5.8320951755854861E-003
  -5.8220875771102520E-003
  -5.8121454738135105E-003
  -5.8022662524668360E-003
  -5.7924471698839221E-003
  -5.7826853604356077E-003
  -5.7729778438481358E-003
  -5.7633215332647501E-003
  -5.7537132435502916E-003
  -5.7441496998177320E-003
  -5.7346275461555470E-003
  -5.7251433545340777E-003
  -5.7156936338690935E-003
  -5.7062748392201004E-003
  -5.6968833811011747E-003
  -5.6875156348814605E-003
  -5.6781679502527702E-003
  -5.6688366607415171E-003
  -5.6595180932420795E-003
  -5.6502085775490020E-003
  -5.6409044558653441E-003
  -5.6316020922647023E-003
  -5.6222978820846467E-003
  -5.6129882612294957E-003
  -5.6036697153609392E-003
  -5.5943387889547253E-003
  -5.5849920942029029E-003
  -5.5756263197408139E-003
  -5.5662382391788168E-003
  -5.5568247194192413E-003
  -5.5473827287398879E-003
  -5.5379093446252421E-003
  -5.5284017613281868E-003
  -5.5188572971450363E-003
  -5.5092734013875745E-003
  -5.4996476610367009E-003
  -5.4899778070630137E-003
  -5.4802617204001529E-003
  -5.4704974375582409E-003
  -5.4606831558648775E-003
  -5.4508172383227436E-003
  -5.4408982180731078E-003
  -5.4309248024560948E-003
  -5.4208958766590286E-003
  -5.4108105069455084E-003
  -5.4006679434585557E-003
  -5.3904676225924701E-003
  -5.3802091689285660E-003
  -5.3698923967316521E-003
  -5.3595173110044907E-003
  -5.3490841080986694E-003
  -5.3385931758817701E-003
  -5.3280450934606906E-003
  -5.3174406304635144E-003
  -5.3067807458815654E-003
  -5.2960665864759185E-003
  -5.2852994847520617E-003
  -5.2744809565089153E-003
  -5.2636126979680037E-003
  -5.2526965824903939E-003
  -5.2417346568893949E-003
  -5.2307291373484069E-003
  -5.2196824049533935E-003
  -5.2085970008513525E-003
  -5.1974756210457565E-003
  -5.1863211108418676E-003
  -5.1751364589546003E-003
  -5.1639247912930730E-003
  -5.1526893644360978E-003
  -5.1414335588140028E-003
  -5.1301608716123395E-003
  -5.1188749094138834E-003
  -5.1075793805958059E-003
  -5.0962780874992779E-003
  -5.0849749183894781E-003
  -5.0736738392240729E-003
  -5.0623788852487313E-003
  -5.0510941524388522E-003
  -5.0398237888062275E-003
  -5.0285719855906776E-003
  -5.0173429683557022E-003
  -5.0061409880083063E-003
  -4.9949703117628148E-003
  -4.9838352140685813E-003
  -4.9727399675215112E-003
  -4.9616888337794714E-003
  -4.9506860545014096E-003
  -4.9397358423300397E-003
  -4.9288423719374003E-003
  -4.9180097711530313E-003
  -4.9072421121938853E-003
  -4.8965434030146110E-003
  -4.8859175787971908E-003
  -4.8753684935976191E-003
  -4.8648999121679651E-003
  -4.8545155019708228E-003
  -4.8442188254031217E-003
  -4.8340133322457984E-003
  -4.8239023523550077E-003
  -4.8138890886102459E-003
  -4.8039766101340767E-003
  -4.7941678457974028E-003
  -4.7844655780235855E-003
  -4.7748724369042483E-003
  -4.7653908946386665E-003
  -4.7560232603078532E-003
  -4.7467716749939118E-003
  -4.7376381072543189E-003
  -4.7286243489599450E-003
  -4.7197320115049540E-003
  -4.7109625223957542E-003
  -4.7023171222254530E-003
  -4.6937968620394434E-003
  -4.6854026010963862E-003
  -4.6771350050291080E-003
  -4.6689945444077403E-003
  -4.6609814937074723E-003
  -4.6530959306819546E-003
  -4.6453377361430070E-003
  -4.6377065941456685E-003
  -4.6302019925773853E-003
  -4.6228232241490447E-003
  -4.6155693877848389E-003
  -4.6084393904067440E-003
  -4.6014319491090513E-003
  -4.5945455937172405E-003
  -4.5877786697246896E-003
  -4.5811293416004560E-003
  -4.5745955964594208E-003
  -4.5681752480869163E-003
  -4.5618659413078425E-003
  -4.5556651566904527E-003
  -4.5495702155737977E-003
  -4.5435782854076519E-003
  -4.5376863853926475E-003
  -4.5318913924079877E-003
  -4.5261900472136456E-003
  -4.5205789609132387E-003
  -4.5150546216632011E-003
  -4.5096134016138420E-003
  -4.5042515640668114E-003
  -4.4989652708336721E-003
  -4.4937505897794661E-003
  -4.4886035025353439E-003
  -4.4835199123631937E-003
  -4.4784956521561059E-003
  -4.4735264925572539E-003
  -4.4686081501801173E-003
  -4.4637362959126375E-003
  -4.4589065632880120E-003
  -4.4541145569045558E-003
  -4.4493558608769551E-003
  -4.4446260473015448E-003
  -4.4399206847180427E-003
  -4.4352353465503813E-003
  -4.4305656195091775E-003
  -4.4259071119389301E-003
  -4.4212554620927554E-003
  -4.4166063463180888E-003
  -4.4119554871368469E-003
  -4.4072986612037762E-003
  -4.4026317071272948E-003
  -4.3979505331370808E-003
  -4.3932511245836220E-003
  -4.3885295512547558E-003
  -4.3837819744949914E-003
  -4.3790046541140291E-003
  -4.3741939550710554E-003
  -4.3693463539220684E-003
  -4.3644584450181143E-003
  -4.3595269464427981E-003
  -4.3545487056780470E-003
  -4.3495207049877860E-003
  -4.3444400665097020E-003
  -4.3393040570459430E-003
  -4.3341100925446512E-003
  -4.3288557422641039E-003
  -4.3235387326126494E-003
  -4.3181569506583230E-003
  -4.3127084473021313E-003
  -4.3071914401103563E-003
  -4.3016043158016111E-003
  -4.2959456323854554E-003
  -4.2902141209494871E-003
  -4.2844086870934515E-003
  -4.2785284120088439E-003
  -4.2725725532037559E-003
  -4.2665405448731424E-003
  -4.2604319979157070E-003
  -4.2542466995989757E-003
  -4.2479846128752365E-003
  -4.2416458753514741E-003
  -4.2352307979170827E-003
  -4.2287398630343406E-003
  -4.2221737226963811E-003
  -4.2155331960590896E-003
  -4.2088192667532019E-003
  -4.2020330798839857E-003
  -4.1951759387263109E-003
  -4.1882493011233396E-003
  -4.1812547755982199E-003
  -4.1741941171877656E-003
  -4.1670692230088360E-003
  -4.1598821275673631E-003
  -4.1526349978214527E-003
  -4.1453301280098900E-003
  -4.1379699342579818E-003
  -4.1305569489730326E-003
  -4.1230938150421774E-003
  -4.1155832798454792E-003
  -4.1080281890976331E-003
  -4.1004314805320012E-003
  -4.0927961774405268E-003
  -4.0851253820839706E-003
  -4.0774222689863686E-003
  -4.0696900781283310E-003
  -4.0619321080535356E-003
  -4.0541517089033030E-003
  -4.0463522753935166E-003
  -4.0385372397490522E-003
  -4.0307100646100949E-003
  -4.0228742359251606E-003
  -4.0150332558453600E-003
  -4.0071906356345700E-003
  -3.9993498886097024E-003
  -3.9915145231254993E-003
  -3.9836880356177266E-003
  -3.9758739037188094E-003
  -3.9680755794594368E-003
  -3.9602964825693754E-003
  -3.9525399938906795E-003
  -3.9448094489160576E-003
  -3.9371081314645527E-003
  -3.9294392675069470E-003
  -3.9218060191520306E-003
  -3.9142114788054648E-003
  -3.9066586635114961E-003
  -3.8991505094884450E-003
  -3.8916898668672970E-003
  -3.8842794946430184E-003
  -3.8769220558475051E-003
  -3.8696201129522698E-003
  -3.8623761235090023E-003
  -3.8551924360349168E-003
  -3.8480712861497200E-003
  -3.8410147929705887E-003
  -3.8340249557700518E-003
  -3.8271036509024241E-003
  -3.8202526290026170E-003
  -3.8134735124614565E-003
  -3.8067677931803608E-003
  -3.8001368306081300E-003
  -3.7935818500616190E-003
  -3.7871039413317834E-003
  -3.7807040575756380E-003
  -3.7743830144943875E-003
  -3.7681414897971291E-003
  -3.7619800229490852E-003
  -3.7558990152026968E-003
  -3.7498987299093255E-003
  -3.7439792931087158E-003
  -3.7381406943927976E-003
  -3.7323827880399348E-003
  -3.7267052944151037E-003
  -3.7211078016310128E-003
  -3.7155897674645659E-003
  -3.7101505215227717E-003
  -3.7047892676515190E-003
  -3.6995050865802105E-003
  -3.6942969387949165E-003
  -3.6891636676322503E-003
  -3.6841040025855226E-003
  -3.6791165628148950E-003
  -3.6741998608521356E-003
  -3.6693523064908543E-003
  -3.6645722108526631E-003
  -3.6598577906190415E-003
  -3.6552071724188576E-003
  -3.6506183973610586E-003
  -3.6460894257016804E-003
  -3.6416181416343944E-003
  -3.6372023581935468E-003
  -3.6328398222582256E-003
  -3.6285282196463452E-003
  -3.6242651802867558E-003
  -3.6200482834585525E-003
  -3.6158750630851458E-003
  -3.6117430130722140E-003
  -3.6076495926775191E-003
  -3.6035922319009941E-003
  -3.5995683368836642E-003
  -3.5955752953039204E-003
  -3.5916104817597452E-003
  -3.5876712631254457E-003
  -3.5837550038721848E-003
  -3.5798590713409482E-003
  -3.5759808409574698E-003
  -3.5721177013783544E-003
  -3.5682670595582888E-003
  -3.5644263457281396E-003
  -3.5605930182742059E-003
  -3.5567645685090736E-003
  -3.5529385253249904E-003
  -3.5491124597207720E-003
  -3.5452839891938794E-003
  -3.5414507819892874E-003
  -3.5376105611976544E-003
  -3.5337611086950771E-003
  -3.5299002689178627E-003
  -3.5260259524651991E-003
  -3.5221361395241305E-003
  -3.5182288831106766E-003
  -3.5143023121221965E-003
  -3.5103546341958385E-003
  -3.5063841383689981E-003
  -3.5023891975377135E-003
  -3.4983682707097341E-003
  -3.4943199050491459E-003
  -3.4902427377102030E-003
  -3.4861354974583883E-003
  -3.4819970060770977E-003
  -3.4778261795590029E-003
  -3.4736220290815002E-003
  -3.4693836617662246E-003
  -3.4651102812229204E-003
  -3.4608011878786357E-003
  -3.4564557790935160E-003
  -3.4520735490650295E-003
  -3.4476540885227357E-003
  -3.4431970842164344E-003
  -3.4387023182005649E-003
  -3.4341696669187537E-003
  -3.4295991000919644E-003
  -3.4249906794149541E-003
  -3.4203445570656008E-003
  -3.4156609740321302E-003
  -3.4109402582638525E-003
  -3.4061828226510625E-003
  -3.4013891628401939E-003
  -3.3965598548908599E-003
  -3.3916955527811890E-003
  -3.3867969857687558E-003
  -3.3818649556141972E-003
  -3.3769003336749266E-003
  -3.3719040578770905E-003
  -3.3668771295730891E-003
  -3.3618206102933278E-003
  -3.3567356184001813E-003
  -3.3516233256526001E-003
  -3.3464849536901688E-003
  -3.3413217704449105E-003
  -3.3361350864900170E-003
  -3.3309262513338857E-003
  -3.3256966496687038E-003
  -3.3204476975822010E-003
  -3.3151808387417298E-003
  -3.3098975405593048E-003
  -3.3045992903466027E-003
  -3.2992875914687955E-003
  -3.2939639595057635E-003
  -3.2886299184294379E-003
  -3.2832869968058703E-003
  -3.2779367240303101E-003
  -3.2725806266036168E-003
  -3.2672202244581963E-003
  -3.2618570273411050E-003
  -3.2564925312624435E-003
  -3.2511282150162434E-003
  -3.2457655367813115E-003
  -3.2404059308089248E-003
  -3.2350508042043140E-003
  -3.2297015338084607E-003
  -3.2243594631863604E-003
  -3.2190258997277232E-003
  -3.2137021118658661E-003
  -3.2083893264199803E-003
  -3.2030887260659051E-003
  -3.1978014469399643E-003
  -3.1925285763804226E-003
  -3.1872711508103072E-003
  -3.1820301537652911E-003
  -3.1768065140700442E-003
  -3.1716011041658283E-003
  -3.1664147385918814E-003
  -3.1612481726229873E-003
  -3.1561021010644112E-003
  -3.1509771572065942E-003
  -3.1458739119396666E-003
  -3.1407928730291350E-003
  -3.1357344845526734E-003
  -3.1306991264981043E-003
  -3.1256871145220813E-003
  -3.1206986998686195E-003
  -3.1157340694464679E-003
  -3.1107933460634320E-003
  -3.1058765888162913E-003
  -3.1009837936336083E-003
  -3.0961148939691562E-003
  -3.0912697616429542E-003
  -3.0864482078267821E-003
  -3.0816499841706223E-003
  -3.0768747840662462E-003
  -3.0721222440437436E-003
  -3.0673919452968539E-003
  -3.0626834153321750E-003
  -3.0579961297375301E-003
  -3.0533295140643714E-003
  -3.0486829458186981E-003
  -3.0440557565552216E-003
  -3.0394472340684979E-003
  -3.0348566246757233E-003
  -3.0302831355845626E-003
  -3.0257259373398585E-003
  -3.0211841663429807E-003
  -3.0166569274370260E-003
  -3.0121432965514554E-003
  -3.0076423233991317E-003
  -3.0031530342192643E-003
  -2.9986744345592703E-003
  -2.9942055120884097E-003
  -2.9897452394366288E-003
  -2.9852925770513412E-003
  -2.9808464760654289E-003
  -2.9764058811692258E-003
  -2.9719697334800073E-003
  -2.9675369734017375E-003
  -2.9631065434684578E-003
  -2.9586773911647532E-003
  -2.9542484717164155E-003
  -2.9498187508450353E-003
  -2.9453872074800477E-003
  -2.9409528364220741E-003
  -2.9365146509513530E-003
  -2.9320716853755424E-003
  -2.9276229975110125E-003
  -2.9231676710921549E-003
  -2.9187048181032911E-003
  -2.9142335810281479E-003
  -2.9097531350119991E-003
  -2.9052626899316349E-003
  -2.9007614923689216E-003
  -2.8962488274837071E-003
  -2.8917240207820098E-003
  -2.8871864397760801E-003
  -2.8826354955328211E-003
  -2.8780706441072917E-003
  -2.8734913878589174E-003
  -2.8688972766473288E-003
  -2.8642879089060859E-003
  -2.8596629325919644E-003
  -2.8550220460083799E-003
  -2.8503649985015325E-003
  -2.8456915910282793E-003
  -2.8410016765949356E-003
  -2.8362951605665800E-003
  -2.8315720008468340E-003
  -2.8268322079281864E-003
  -2.8220758448132995E-003
  -2.8173030268082225E-003
  -2.8125139211884892E-003
  -2.8077087467393499E-003
  -2.8028877731719366E-003
  -2.7980513204172788E-003
  -2.7931997578001591E-003
  -2.7883335030954928E-003
  -2.7834530214698276E-003
  -2.7785588243110226E-003
  -2.7736514679491640E-003
  -2.7687315522723806E-003
  -2.7637997192410391E-003
  -2.7588566513043131E-003
  -2.7539030697232743E-003
  -2.7489397328046838E-003
  -2.7439674340500909E-003
  -2.7389870002247386E-003
  -2.7339992893513944E-003
  -2.7290051886336222E-003
  -2.7240056123141523E-003
  -2.7190014994732011E-003
  -2.7139938117721196E-003
  -2.7089835311481930E-003
  -2.7039716574656196E-003
  -2.6989592061286982E-003
  -2.6939472056627702E-003
  -2.6889366952685782E-003
  -2.6839287223560278E-003
  -2.6789243400628729E-003
  -2.6739246047644480E-003
  -2.6689305735799300E-003
  -2.6639433018812372E-003
  -2.6589638408100573E-003
  -2.6539932348088983E-003
  -2.6490325191717463E-003
  -2.6440827176200006E-003
  -2.6391448399091140E-003
  -2.6342198794713639E-003
  -2.6293088111002672E-003
  -2.6244125886815475E-003
  -2.6195321429760172E-003
  -2.6146683794591070E-003
  -2.6098221762219480E-003
  -2.6049943819386329E-003
  -2.6001858139042371E-003
  -2.5953972561475122E-003
  -2.5906294576228915E-003
  -2.5858831304853766E-003
  -2.5811589484520323E-003
  -2.5764575452537665E-003
  -2.5717795131805152E-003
  -2.5671254017230159E-003
  -2.5624957163138916E-003
  -2.5578909171707874E-003
  -2.5533114182437547E-003
  -2.5487575862691778E-003
  -2.5442297399319962E-003
  -2.5397281491378355E-003
  -2.5352530343965632E-003
  -2.5308045663181948E-003
  -2.5263828652221133E-003
  -2.5219880008602383E-003
  -2.5176199922543989E-003
  -2.5132788076479909E-003
  -2.5089643645720035E-003
  -2.5046765300245251E-003
  -2.5004151207635196E-003
  -2.4961799037116414E-003
  -2.4919705964721525E-003
  -2.4877868679542628E-003
  -2.4836283391064459E-003
  -2.4794945837558376E-003
  -2.4753851295514287E-003
  -2.4712994590089694E-003
  -2.4672370106547381E-003
  -2.4631971802656638E-003
  -2.4591793222026349E-003
  -2.4551827508340340E-003
  -2.4512067420459048E-003
  -2.4472505348353268E-003
  -2.4433133329834038E-003
  -2.4393943068038160E-003
  -2.4354925949628715E-003
  -2.4316073063671284E-003
  -2.4277375221141567E-003
  -2.4238822975018240E-003
  -2.4200406640919013E-003
  -2.4162116318231196E-003
  -2.4123941911689296E-003
  -2.4085873153352824E-003
  -2.4047899624934574E-003
  -2.4010010780428533E-003
  -2.3972195968990535E-003
  -2.3934444458017755E-003
  -2.3896745456379251E-003
  -2.3859088137744115E-003
  -2.3821461663958571E-003
  -2.3783855208420190E-003
  -2.3746257979397820E-003
  -2.3708659243248907E-003
  -2.3671048347482689E-003
  -2.3633414743619227E-003
  -2.3595748009798204E-003
  -2.3558037873085656E-003
  -2.3520274231434296E-003
  -2.3482447175250248E-003
  -2.3444547008519556E-003
  -2.3406564269451875E-003
  -2.3368489750597611E-003
  -2.3330314518395512E-003
  -2.3292029932113802E-003
  -2.3253627662141348E-003
  -2.3215099707595242E-003
  -2.3176438413206497E-003
  -2.3137636485450856E-003
  -2.3098687007893047E-003
  -2.3059583455712178E-003
  -2.3020319709380586E-003
  -2.2980890067469360E-003
  -2.2941289258556485E-003
  -2.2901512452212780E-003
  -2.2861555269046430E-003
  -2.2821413789788636E-003
  -2.2781084563399355E-003
  -2.2740564614186325E-003
  -2.2699851447916947E-003
  -2.2658943056918929E-003
  -2.2617837924159417E-003
  -2.2576535026298215E-003
  -2.2535033835710226E-003
  -2.2493334321477716E-003
  -2.2451436949352394E-003
  -2.2409342680691259E-003
  -2.2367052970370255E-003
  -2.2324569763686603E-003
  -2.2281895492255524E-003
  -2.2239033068915427E-003
  -2.2195985881655299E-003
  -2.2152757786581198E-003
  -2.2109353099936183E-003
  -2.2065776589198643E-003
  -2.2022033463275914E-003
  -2.1978129361820802E-003
  -2.1934070343693109E-003
  -2.1889862874595531E-003
  -2.1845513813910852E-003
  -2.1801030400772255E-003
  -2.1756420239397965E-003
  -2.1711691283722578E-003
  -2.1666851821360578E-003
  -2.1621910456937864E-003
  -2.1576876094827231E-003
  -2.1531757921328040E-003
  -2.1486565386325956E-003
  -2.1441308184476579E-003
  -2.1395996235951016E-003
  -2.1350639666785215E-003
  -2.1305248788877941E-003
  -2.1259834079675917E-003
  -2.1214406161594764E-003
  -2.1168975781213420E-003
  -2.1123553788291796E-003
  -2.1078151114651555E-003
  -2.1032778752965997E-003
  -2.0987447735503553E-003
  -2.0942169112868302E-003
  -2.0896953932781313E-003
  -2.0851813218947003E-003
  -2.0806757950047779E-003
  -2.0761799038908832E-003
  -2.0716947311877169E-003
  -2.0672213488453495E-003
  -2.0627608161221112E-003
  -2.0583141776109454E-003
  -2.0538824613032559E-003
  -2.0494666766940131E-003
  -2.0450678129318757E-003
  -2.0406868370178820E-003
  -2.0363246920562413E-003
  -2.0319822955604493E-003
  -2.0276605378182454E-003
  -2.0233602803179963E-003
  -2.0190823542400836E-003
  -2.0148275590154870E-003
  -2.0105966609545410E-003
  -2.0063903919482033E-003
  -2.0022094482443388E-003
  -1.9980544893007275E-003
  -1.9939261367173493E-003
  -1.9898249732491387E-003
  -1.9857515419013545E-003
  -1.9817063451085561E-003
  -1.9776898439988026E-003
  -1.9737024577438193E-003
  -1.9697445629963430E-003
  -1.9658164934149257E-003
  -1.9619185392771542E-003
  -1.9580509471812634E-003
  -1.9542139198364186E-003
  -1.9504076159416357E-003
  -1.9466321501530499E-003
  -1.9428875931390144E-003
  -1.9391739717226734E-003
  -1.9354912691110331E-003
  -1.9318394252096152E-003
  -1.9282183370215485E-003
  -1.9246278591298210E-003
  -1.9210678042612533E-003
  -1.9175379439305348E-003
  -1.9140380091624103E-003
  -1.9105676912903879E-003
  -1.9071266428295139E-003
  -1.9037144784211923E-003
  -1.9003307758477181E-003
  -1.8969750771137793E-003
  -1.8936468895925825E-003
  -1.8903456872337299E-003
  -1.8870709118299252E-003
  -1.8838219743396341E-003
  -1.8805982562626403E-003
  -1.8773991110652317E-003
  -1.8742238656519611E-003
  -1.8710718218804059E-003
  -1.8679422581158213E-003
  -1.8648344308220752E-003
  -1.8617475761853255E-003
  -1.8586809117669273E-003
  -1.8556336381821102E-003
  -1.8526049408005806E-003
  -1.8495939914655729E-003
  -1.8465999502276127E-003
  -1.8436219670893289E-003
  -1.8406591837576182E-003
  -1.8377107353996017E-003
  -1.8347757523986714E-003
  -1.8318533621068910E-003
  -1.8289426905903836E-003
  -1.8260428643640282E-003
  -1.8231530121118091E-003
  -1.8202722663897657E-003
  -1.8173997653076965E-003
  -1.8145346541865795E-003
  -1.8116760871884387E-003
  -1.8088232289152767E-003
  -1.8059752559742223E-003
  -1.8031313585057697E-003
  -1.8002907416722301E-003
  -1.7974526271035719E-003
  -1.7946162542981058E-003
  -1.7917808819751559E-003
  -1.7889457893776467E-003
  -1.7861102775219052E-003
  -1.7832736703926218E-003
  -1.7804353160810645E-003
  -1.7775945878641952E-003
  -1.7747508852234278E-003
  -1.7719036348007658E-003
  -1.7690522912913280E-003
  -1.7661963382705308E-003
  -1.7633352889548613E-003
  -1.7604686868951704E-003
  -1.7575961066015333E-003
  -1.7547171540986881E-003
  -1.7518314674119274E-003
  -1.7489387169823851E-003
  -1.7460386060118988E-003
  -1.7431308707369017E-003
  -1.7402152806315074E-003
  -1.7372916385399936E-003
  -1.7343597807387180E-003
  -1.7314195769281351E-003
  -1.7284709301554242E-003
  -1.7255137766682346E-003
  -1.7225480857007945E-003
  -1.7195738591930729E-003
  -1.7165911314440986E-003
  -1.7135999687011051E-003
  -1.7106004686852916E-003
  -1.7075927600561751E-003
  -1.7045770018160322E-003
  -1.7015533826560160E-003
  -1.6985221202460987E-003
  -1.6954834604704892E-003
  -1.6924376766109389E-003
  -1.6893850684797131E-003
  -1.6863259615047602E-003
  -1.6832607057693620E-003
  -1.6801896750084713E-003
  -1.6771132655647204E-003
  -1.6740318953059399E-003
  -1.6709460025074799E-003
  -1.6678560447017030E-003
  -1.6647624974972450E-003
  -1.6616658533710783E-003
  -1.6585666204361124E-003
  -1.6554653211869885E-003
  -1.6523624912272022E-003
  -1.6492586779802386E-003
  -1.6461544393875475E-003
  -1.6430503425966698E-003
  -1.6399469626417439E-003
  -1.6368448811199289E-003
  -1.6337446848662153E-003
  -1.6306469646296048E-003
  -1.6275523137534754E-003
  -1.6244613268630442E-003
  -1.6213745985623577E-003
  -1.6182927221439769E-003
  -1.6152162883136846E-003
  -1.6121458839329188E-003
  -1.6090820907815953E-003
  -1.6060254843437323E-003
  -1.6029766326181305E-003
  -1.5999360949568719E-003
  -1.5969044209334336E-003
  -1.5938821492429631E-003
  -1.5908698066365926E-003
  -1.5878679068920577E-003
  -1.5848769498220429E-003
  -1.5818974203227684E-003
  -1.5789297874637814E-003
  -1.5759745036212393E-003
  -1.5730320036556923E-003
  -1.5701027041361143E-003
  -1.5671870026110896E-003
  -1.5642852769286661E-003
  -1.5613978846057940E-003
  -1.5585251622482407E-003
  -1.5556674250218477E-003
  -1.5528249661758316E-003
  -1.5499980566187101E-003
  -1.5471869445472276E-003
  -1.5443918551288176E-003
  -1.5416129902375841E-003
  -1.5388505282440193E-003
  -1.5361046238584614E-003
  -1.5333754080281529E-003
  -1.5306629878875030E-003
  -1.5279674467613864E-003
  -1.5252888442208873E-003
  -1.5226272161908590E-003
  -1.5199825751086513E-003
  -1.5173549101333006E-003
  -1.5147441874039415E-003
  -1.5121503503467831E-003
  -1.5095733200292949E-003
  -1.5070129955605804E-003
  -1.5044692545363725E-003
  -1.5019419535274962E-003
  -1.4994309286102646E-003
  -1.4969359959371327E-003
  -1.4944569523460925E-003
  -1.4919935760070134E-003
  -1.4895456271032774E-003
  -1.4871128485467629E-003
  -1.4846949667242405E-003
  -1.4822916922733360E-003
  -1.4799027208860019E-003
  -1.4775277341373509E-003
  -1.4751664003380370E-003
  -1.4728183754076675E-003
  -1.4704833037674468E-003
  -1.4681608192495949E-003
  -1.4658505460215139E-003
  -1.4635520995225290E-003
  -1.4612650874106375E-003
  -1.4589891105174016E-003
  -1.4567237638087177E-003
  -1.4544686373488998E-003
  -1.4522233172662262E-003
  -1.4499873867176438E-003
  -1.4477604268502697E-003
  -1.4455420177577234E-003
  -1.4433317394291628E-003
  -1.4411291726887515E-003
  -1.4389339001237428E-003
  -1.4367455069987795E-003
  -1.4345635821549248E-003
  -1.4323877188911413E-003
  -1.4302175158264520E-003
  -1.4280525777409757E-003
  -1.4258925163942067E-003
  -1.4237369513185778E-003
  -1.4215855105870027E-003
  -1.4194378315526210E-003
  -1.4172935615593962E-003
