   0.0000000000000000       -1.0000000000000000     
   5.0000000000000003E-002 -0.99995012614583345     
  0.10000000000000001      -0.99980134706203783     
  0.15000000000000002      -0.99955567678582125     
  0.20000000000000001      -0.99921610345310752     
  0.25000000000000000      -0.99878654853039617     
  0.30000000000000004      -0.99827181675244447     
  0.35000000000000003      -0.99767753738948761     
  0.40000000000000002      -0.99701009755297676     
  0.45000000000000001      -0.99627656832555633     
  0.50000000000000000      -0.99548462456842401     
  0.55000000000000004      -0.99464245931673378     
  0.60000000000000009      -0.99375869372080194     
  0.65000000000000002      -0.99284228352717840     
  0.70000000000000007      -0.99190242311888988     
  0.75000000000000000      -0.99094844814822791     
  0.80000000000000004      -0.98998973779830957     
  0.85000000000000009      -0.98903561770143777     
  0.90000000000000002      -0.98809526452321861     
  0.95000000000000007      -0.98717761319183694     
   1.0000000000000000      -0.98629126771229658     
   1.0500000000000000      -0.98544441645632508     
   1.1000000000000001      -0.98464475276075136     
   1.1500000000000001      -0.98389940160110889     
   1.2000000000000002      -0.98321485303393785     
   1.2500000000000000      -0.98259690302152292     
   1.3000000000000000      -0.98205060216761020     
   1.3500000000000001      -0.98158021280295094     
   1.4000000000000001      -0.98118917476631573     
   1.4500000000000002      -0.98088008013098282     
   1.5000000000000000      -0.98065465702962018     
   1.5500000000000000      -0.98051376263304435     
   1.6000000000000001      -0.98045738524155412     
   1.6500000000000001      -0.98048465535240403     
   1.7000000000000002      -0.98059386547455096     
   1.7500000000000000      -0.98078249837289644     
   1.8000000000000000      -0.98104726333989056     
   1.8500000000000001      -0.98138414001325236     
   1.9000000000000001      -0.98178842918558817     
   1.9500000000000002      -0.98225480998543846     
   2.0000000000000000      -0.98277740275044601     
   2.0500000000000003      -0.98334983686240673     
   2.1000000000000001      -0.98396532277135629     
   2.1499999999999999      -0.98461672740198014     
   2.2000000000000002      -0.98529665211066697     
   2.2500000000000000      -0.98599751234568100     
   2.3000000000000003      -0.98671161815622721     
   2.3500000000000001      -0.98743125469859727     
   2.4000000000000004      -0.98814876189895062     
   2.4500000000000002      -0.98885661245241008     
   2.5000000000000000      -0.98954748736666875     
   2.5500000000000003      -0.99021434829484778     
   2.6000000000000001      -0.99085050594636459     
   2.6500000000000004      -0.99144968391559440     
   2.7000000000000002      -0.99200607732538226     
   2.7500000000000000      -0.99251440574540784     
   2.8000000000000003      -0.99296995991320292     
   2.8500000000000001      -0.99336864185750517     
   2.9000000000000004      -0.99370699809878160     
   2.9500000000000002      -0.99398224567932159     
   3.0000000000000000      -0.99419229085439897     
   3.0500000000000003      -0.99433574035579608     
   3.1000000000000001      -0.99441190521858136     
   3.1500000000000004      -0.99442079724058197     
   3.2000000000000002      -0.99436311822069756     
   3.2500000000000000      -0.99424024219619744     
   3.3000000000000003      -0.99405419096976400     
   3.3500000000000001      -0.99380760328347595     
   3.4000000000000004      -0.99350369805862804     
   3.4500000000000002      -0.99314623217653619     
   3.5000000000000000      -0.99273945332590552     
   3.5500000000000003      -0.99228804848631136     
   3.6000000000000001      -0.99179708865469429     
   3.6500000000000004      -0.99127197045198212     
   3.7000000000000002      -0.99071835526999430     
   3.7500000000000000      -0.99014210663441260     
   3.8000000000000003      -0.98954922646780297     
   3.8500000000000001      -0.98894579093747170     
   3.9000000000000004      -0.98833788656646071     
   3.9500000000000002      -0.98773154727237444     
   4.0000000000000000      -0.98713269297830919     
   4.0499999999999998      -0.98654707041318890     
   4.1000000000000005      -0.98598019668573655     
   4.1500000000000004      -0.98543730617759340     
   4.2000000000000002      -0.98492330125716221     
   4.2500000000000000      -0.98444270726728544     
   4.2999999999999998      -0.98399963218732878     
   4.3500000000000005      -0.98359773131435757     
   4.4000000000000004      -0.98324017724945345     
   4.4500000000000002      -0.98292963541452727     
   4.5000000000000000      -0.98266824526292051     
   4.5499999999999998      -0.98245760728429132     
   4.6000000000000005      -0.98229877584152314     
   4.6500000000000004      -0.98219225781522845     
   4.7000000000000002      -0.98213801697060088     
   4.7500000000000000      -0.98213548390244143     
   4.8000000000000007      -0.98218357135782253     
   4.8500000000000005      -0.98228069468250656     
   4.9000000000000004      -0.98242479708754693     
   4.9500000000000002      -0.98261337938683924     
   5.0000000000000000      -0.98284353381520928     
   5.0500000000000007      -0.98311198150031021     
   5.1000000000000005      -0.98341511313041352     
   5.1500000000000004      -0.98374903233440114     
   5.2000000000000002      -0.98410960127006608     
   5.2500000000000000      -0.98449248790231769     
   5.3000000000000007      -0.98489321444417133     
   5.3500000000000005      -0.98530720643038683     
   5.4000000000000004      -0.98572984189636426     
   5.4500000000000002      -0.98615650014314671     
   5.5000000000000000      -0.98658260958306765     
   5.5500000000000007      -0.98700369417936251     
   5.6000000000000005      -0.98741541801674060     
   5.6500000000000004      -0.98781362756808089     
   5.7000000000000002      -0.98819439125474584     
   5.7500000000000000      -0.98855403593405899     
   5.8000000000000007      -0.98888917998677228     
   5.8500000000000005      -0.98919676271950674     
   5.9000000000000004      -0.98947406984149811     
   5.9500000000000002      -0.98971875482117111     
   6.0000000000000000      -0.98992885597548352     
   6.0500000000000007      -0.99010280919307769     
   6.1000000000000005      -0.99023945624060916     
   6.1500000000000004      -0.99033804864955843     
   6.2000000000000002      -0.99039824722794212     
   6.2500000000000000      -0.99042011728709012     
   6.3000000000000007      -0.99040411971758135     
   6.3500000000000005      -0.99035109809011890     
   6.4000000000000004      -0.99026226199609724     
   6.4500000000000002      -0.99013916687860504     
   6.5000000000000000      -0.98998369063716174     
   6.5500000000000007      -0.98979800731841716     
   6.6000000000000005      -0.98958455823004976     
   6.6500000000000004      -0.98934602083598533     
   6.7000000000000002      -0.98908527580771921     
   6.7500000000000000      -0.98880537261879142     
   6.8000000000000007      -0.98850949407735755     
   6.8500000000000005      -0.98820092019526895     
   6.9000000000000004      -0.98788299179118566     
   6.9500000000000002      -0.98755907422009137     
   7.0000000000000000      -0.98723252161230557     
   7.0500000000000007      -0.98690664199184919     
   7.1000000000000005      -0.98658466362708241     
   7.1500000000000004      -0.98626970294609073     
   7.2000000000000002      -0.98596473432570897     
   7.2500000000000000      -0.98567256203660625     
   7.3000000000000007      -0.98539579459787086     
   7.3500000000000005      -0.98513682176340833     
   7.4000000000000004      -0.98489779432956781     
   7.4500000000000002      -0.98468060691911963     
   7.5000000000000000      -0.98448688386146288     
   7.5500000000000007      -0.98431796825310780     
   7.6000000000000005      -0.98417491424645331     
   7.6500000000000004      -0.98405848257912609     
   7.7000000000000002      -0.98396913932093644     
   7.7500000000000000      -0.98390705778132914     
   7.8000000000000007      -0.98387212348732134     
   7.8500000000000005      -0.98386394211071493     
   7.9000000000000004      -0.98388185019412588     
   7.9500000000000002      -0.98392492849838087     
   8.0000000000000000      -0.98399201776932155     
   8.0500000000000007      -0.98408173670028321     
   8.0999999999999996      -0.98419250184760765     
   8.1500000000000004      -0.98432254924070417     
   8.2000000000000011      -0.98446995741548138     
   8.2500000000000000      -0.98463267159049073     
   8.3000000000000007      -0.98480852869892144     
   8.3499999999999996      -0.98499528298665240     
   8.4000000000000004      -0.98519063188684952     
   8.4500000000000011      -0.98539224188504160     
   8.5000000000000000      -0.98559777409513138     
   8.5500000000000007      -0.98580490927620401     
   8.5999999999999996      -0.98601137203219724     
   8.6500000000000004      -0.98621495395122527     
   8.7000000000000011      -0.98641353545846766     
   8.7500000000000000      -0.98660510617571850     
   8.8000000000000007      -0.98678778360175778     
   8.8499999999999996      -0.98695982995035347     
   8.9000000000000004      -0.98711966700662734     
   8.9500000000000011      -0.98726588888746369     
   9.0000000000000000      -0.98739727261730059     
   9.0500000000000007      -0.98751278645667095     
   9.0999999999999996      -0.98761159594705905     
   9.1500000000000004      -0.98769306766159393     
   9.2000000000000011      -0.98775677067662659     
   9.2500000000000000      -0.98780247580400271     
   9.3000000000000007      -0.98783015264761564     
   9.3499999999999996      -0.98783996457034617     
   9.4000000000000004      -0.98783226167854654     
   9.4500000000000011      -0.98780757195061797     
   9.5000000000000000      -0.98776659065375094     
   9.5500000000000007      -0.98771016820842816     
   9.6000000000000014      -0.98763929667368511     
   9.6500000000000004      -0.98755509503725303     
   9.7000000000000011      -0.98745879350356403     
   9.7500000000000000      -0.98735171697906354     
   9.8000000000000007      -0.98723526795835848     
   9.8500000000000014      -0.98711090901646359     
   9.9000000000000004      -0.98698014511177112     
   9.9500000000000011      -0.98684450590146588     
   10.000000000000000      -0.98670552826600455     
   10.050000000000001      -0.98656473923209476     
   10.100000000000001      -0.98642363947443334     
   10.150000000000000      -0.98628368756551532     
   10.200000000000001      -0.98614628513017999     
   10.250000000000000      -0.98601276304750163     
   10.300000000000001      -0.98588436882722497     
   10.350000000000001      -0.98576225527154437     
   10.400000000000000      -0.98564747051568946     
   10.450000000000001      -0.98554094952284821     
   10.500000000000000      -0.98544350709055872     
   10.550000000000001      -0.98535583240713609     
   10.600000000000001      -0.98527848517807914     
   10.650000000000000      -0.98521189332408099     
   10.700000000000001      -0.98515635223428144     
   10.750000000000000      -0.98511202554110033     
   10.800000000000001      -0.98507894736645840     
   10.850000000000001      -0.98505702597364153     
   10.900000000000000      -0.98504604874464130     
   10.950000000000001      -0.98504568838965789     
   11.000000000000000      -0.98505551028367944     
   11.050000000000001      -0.98507498081478984     
   11.100000000000001      -0.98510347662016629     
   11.150000000000000      -0.98514029457867591     
   11.200000000000001      -0.98518466242362723     
   11.250000000000000      -0.98523574983557283     
   11.300000000000001      -0.98529267987312541     
   11.350000000000001      -0.98535454059950600     
   11.400000000000000      -0.98542039676396564     
   11.450000000000001      -0.98548930140023416     
   11.500000000000000      -0.98556030720872323     
   11.550000000000001      -0.98563247759520611     
   11.600000000000001      -0.98570489724604216     
   11.650000000000000      -0.98577668212859604     
   11.700000000000001      -0.98584698881516086     
   11.750000000000000      -0.98591502303934364     
   11.800000000000001      -0.98598004740529321     
   11.850000000000001      -0.98604138818227993     
   11.900000000000000      -0.98609844112972234     
   11.950000000000001      -0.98615067631071618     
   12.000000000000000      -0.98619764186512693     
   12.050000000000001      -0.98623896672403644     
   12.100000000000001      -0.98627436221756859     
   12.150000000000000      -0.98630362193709176     
   12.200000000000001      -0.98632661433226321     
   12.250000000000000      -0.98634333300794186     
   12.300000000000001      -0.98635887917136444     
   12.350000000000001      -0.98655313363258101     
   12.400000000000000      -0.99167388224140751     
   12.450000000000001       -1.1073725818120759     
   12.500000000000000       -3.3645363480799242     
   12.550000000000001       -40.634931094556229     
   12.600000000000001       -507.50653080703165     
   12.650000000000000       -2501.6915411494697     
   12.700000000000001        120792.69903060935     
   12.750000000000000        5718325.6830481822     
   12.800000000000001        168236654.39349955     
   12.850000000000001        4022313070.7338243     
   12.900000000000000        82666670383.593826     
   12.950000000000001        1456652626220.0312     
   13.000000000000000        20470348506790.016     
   13.050000000000001        169925184254012.19     
   13.100000000000001        1629264134844451.2     
   13.150000000000000       -12511157323262290.     
   13.200000000000001        17028001506320216.     
   13.250000000000000       -11911621378564658.     
   13.300000000000001        17302077157830892.     
   13.350000000000001        7024451116504124.0     
   13.400000000000000       -8538239638931176.0     
   13.450000000000001        1239246760181109.0     
   13.500000000000000       -328190978361718.69     
   13.550000000000001        2512509341982393.5     
   13.600000000000001        33522431172106252.     
   13.650000000000000        22919727520410376.     
   13.700000000000001        7649083830084980.0     
   13.750000000000000       -31421612091128784.     
   13.800000000000001        16566346445779814.     
   13.850000000000001        15675717699663114.     
   13.900000000000000       -916145827976914.12     
   13.950000000000001       -6819113267458740.0     
   14.000000000000000        7316503251942363.0     
   14.050000000000001       -3764391122453800.0     
   14.100000000000001        30585668028555576.     
   14.150000000000000        12459990811086138.     
   14.200000000000001       -7356055835107095.0     
   14.250000000000000       -13499036417084958.     
   14.300000000000001        3166725125429381.5     
   14.350000000000001        3410191900560183.5     
   14.400000000000000        5102369794550203.0     
   14.450000000000001       -3018045661097985.0     
   14.500000000000000        18837990199219060.     
   14.550000000000001       -13513910714990390.     
   14.600000000000001       -1.3764085544695360E+017
   14.650000000000000        16261170772627122.     
   14.700000000000001       -9577228090862960.0     
   14.750000000000000       -1469101537242672.5     
   14.800000000000001       -26645986940767076.     
   14.850000000000001       -11028026655097328.     
   14.900000000000000       -44215328493892560.     
   14.950000000000001        58258618798144008.     
   15.000000000000000        18028942798702836.     
   15.050000000000001       -23680293428331924.     
   15.100000000000001        6083100349478104.0     
   15.150000000000000        372193809079883.00     
   15.200000000000001        11552307935928298.     
   15.250000000000000        5.6441865858606509E+017
   15.300000000000001        43232714471861792.     
   15.350000000000001        30759649094086728.     
   15.400000000000000        29876724552832668.     
   15.450000000000001       -10410157955373636.     
   15.500000000000000        11490021191111704.     
   15.550000000000001        2082177903051747.5     
   15.600000000000001       -4322181453867217.0     
   15.650000000000000       -11225002806422452.     
   15.700000000000001        14373612103780220.     
   15.750000000000000        17481815181556610.     
   15.800000000000001       -3781000123938396.5     
   15.850000000000001       -19347831930292196.     
   15.900000000000000        5672177535559632.0     
   15.950000000000001       -23413889643468624.     
   16.000000000000000       -3.3924050981569792E+017
   16.050000000000001       -5158168624128334.0     
   16.100000000000001        2.0324508899376950E+017
   16.150000000000002       -29076920736870256.     
   16.199999999999999       -9811533727384966.0     
   16.250000000000000        11865764859895268.     
   16.300000000000001       -6570331612196986.0     
   16.350000000000001        7485000809409572.0     
   16.400000000000002        338498194339382.38     
   16.449999999999999        1886480334929558.5     
   16.500000000000000       -68235771155563056.     
   16.550000000000001       -67454104520469984.     
   16.600000000000001       -21040035261376960.     
   16.650000000000002       -14393649154826686.     
   16.699999999999999       -21698045817202816.     
   16.750000000000000        2.6822259647876397E+017
   16.800000000000001        5369737324503144.0     
   16.850000000000001        3616381754736438.5     
   16.900000000000002       -6431176074575553.0     
   16.949999999999999       -22515679519298164.     
   17.000000000000000       -9262095548629632.0     
   17.050000000000001       -20391700325867744.     
   17.100000000000001       -58856269553369296.     
   17.150000000000002       -33732977540890788.     
   17.199999999999999       -1977295887983317.5     
   17.250000000000000        733831676133749.88     
   17.300000000000001        2269086568642250.5     
   17.350000000000001        16747140214450196.     
   17.400000000000002        6401143831497916.0     
   17.449999999999999       -15413466363857544.     
   17.500000000000000       -31814118182686524.     
   17.550000000000001        52589455755748440.     
   17.600000000000001       -3161155218504642.5     
   17.650000000000002        487100184915207.81     
   17.699999999999999        24617680291645236.     
   17.750000000000000       -4959213167418280.0     
   17.800000000000001        14547883367018492.     
   17.850000000000001       -7014458336312427.0     
   17.900000000000002        34662730289764000.     
   17.949999999999999       -3723222221185488.5     
   18.000000000000000       -3174283712524559.5     
   18.050000000000001        2317390229876880.5     
   18.100000000000001       -5926528209785414.0     
   18.150000000000002       -4340019008018769.0     
   18.199999999999999        43827049795996448.     
   18.250000000000000       -10175199247854742.     
   18.300000000000001        3632416307957529.5     
   18.350000000000001       -13822125971705944.     
   18.400000000000002       -6323737594672018.0     
   18.449999999999999       -2016547566135315.0     
   18.500000000000000        1259466383174825.0     
   18.550000000000001        43548404140750304.     
   18.600000000000001        20520519990308060.     
   18.650000000000002        5505219375508650.0     
   18.699999999999999       -14816907295595338.     
   18.750000000000000        11700726290523470.     
   18.800000000000001       -8434498564774232.0     
   18.850000000000001        7555251745534293.0     
   18.900000000000002       -13273183578284366.     
   18.949999999999999       -5970699147344623.0     
   19.000000000000000       -21366773399594108.     
   19.050000000000001       -21372172886146328.     
   19.100000000000001       -7463153580490367.0     
   19.150000000000002       -18221152893768948.     
   19.200000000000003       -6787279322928356.0     
   19.250000000000000        9382501804694176.0     
   19.300000000000001        370160763279161.56     
   19.350000000000001       -13941496719082194.     
   19.400000000000002        37671657625324560.     
   19.450000000000003        49721669116089936.     
   19.500000000000000       -7523304344815290.0     
   19.550000000000001       -44967402593389152.     
   19.600000000000001        11949711346149858.     
   19.650000000000002       -3540113190275413.0     
   19.700000000000003       -1320869702686487.8     
   19.750000000000000        1623600630553844.5     
   19.800000000000001        5305741859813203.0     
   19.850000000000001       -4496972989549617.0     
   19.900000000000002       -24210616787298396.     
   19.950000000000003       -24652980471576548.     
   20.000000000000000       -24832780061375652.     
   20.050000000000001        5918522614583443.0     
   20.100000000000001        3787993557992533.0     
   20.150000000000002       -1505733347025659.5     
   20.200000000000003       -4741289051288304.0     
   20.250000000000000       -5018089550277074.0     
   20.300000000000001        16284980187460784.     
   20.350000000000001       -22506282356488664.     
   20.400000000000002       -4.0774745254800250E+017
   20.450000000000003       -10789214041611372.     
   20.500000000000000        5714805870354097.0     
   20.550000000000001       -242082627226340.47     
   20.600000000000001        32924288482407292.     
   20.650000000000002        61926331645239976.     
   20.700000000000003        1.9025869129674007E+019
   20.750000000000000        24963086286859680.     
   20.800000000000001       -7616177959189253.0     
   20.850000000000001       -13517304090577226.     
   20.900000000000002        46357917498536784.     
   20.950000000000003        5055515073292420.0     
   21.000000000000000        2557625270989116.0     
   21.050000000000001       -8153077999290898.0     
   21.100000000000001       -7024320588201120.0     
   21.150000000000002       -17863708694059954.     
   21.200000000000003        8202193889204103.0     
   21.250000000000000       -23568525018181332.     
   21.300000000000001       -5506538419465324.0     
   21.350000000000001       -2938296482943538.5     
   21.400000000000002       -30171766046544404.     
   21.450000000000003       -2787969006418104.5     
   21.500000000000000        5096729542058447.0     
   21.550000000000001       -14033764609961600.     
   21.600000000000001       -8835226023190727.0     
   21.650000000000002        7073067527762658.0     
   21.700000000000003       -6780427362812525.0     
   21.750000000000000       -16662980215754264.     
   21.800000000000001       -777634094074863.25     
   21.850000000000001        7024570137437133.0     
   21.900000000000002       -8621306437375422.0     
   21.950000000000003       -52244467774651592.     
   22.000000000000000       -8304903447776544.0     
   22.050000000000001       -66818610799400496.     
   22.100000000000001        5796106972951373.0     
   22.150000000000002       -1451443034565086.8     
   22.200000000000003       -4198979842078965.0     
   22.250000000000000       -9296582823441700.0     
   22.300000000000001        6019244979368256.0     
   22.350000000000001        3.1186025311407411E+017
   22.400000000000002        9336631148261608.0     
   22.450000000000003        12166268839684038.     
   22.500000000000000       -6166195023507099.0     
   22.550000000000001        4750970769103050.0     
   22.600000000000001       -7004333218357189.0     
   22.650000000000002        1751355870870932.5     
   22.700000000000003        4916310739617608.0     
   22.750000000000000       -64292865733454984.     
   22.800000000000001        96645535443631120.     
   22.850000000000001       -8776268032632667.0     
   22.900000000000002        7983453128508619.0     
   22.950000000000003        14002732202267776.     
   23.000000000000000        1697430946606875.2     
   23.050000000000001        498432754298779.50     
   23.100000000000001       -10462300160469884.     
   23.150000000000002       -5623710078679002.0     
   23.200000000000003       -21666851978589264.     
   23.250000000000000        8624834297345604.0     
   23.300000000000001       -9890759003595850.0     
   23.350000000000001        4863081599839599.0     
   23.400000000000002        2.1081787093200106E+017
   23.450000000000003        311213784811301.19     
   23.500000000000000        7979185904626515.0     
   23.550000000000001        4085228449781280.5     
   23.600000000000001       -6667310078037834.0     
   23.650000000000002       -28931904545990852.     
   23.700000000000003       -11940693198450606.     
   23.750000000000000        8155762146021151.0     
   23.800000000000001        3115024453564398.0     
   23.850000000000001        2292002993498387.5     
   23.900000000000002        4866342026251474.0     
   23.950000000000003        76540425851061392.     
   24.000000000000000       -5869350388758222.0     
   24.050000000000001       -57537257342550952.     
   24.100000000000001       -26778452854249836.     
   24.150000000000002        20752276195541664.     
   24.200000000000003       -4754437236898528.0     
   24.250000000000000       -2698623218230675.0     
   24.300000000000001        473946394163162.75     
   24.350000000000001       -4898714151723940.0     
   24.400000000000002       -8000958933821452.0     
   24.450000000000003        5584206670627699.0     
   24.500000000000000       -11807625158444926.     
   24.550000000000001        1.4370474820949350E+017
   24.600000000000001       -8876937272964778.0     
   24.650000000000002        2.3568601102039872E+017
   24.700000000000003       -89757292099721.141     
   24.750000000000000        5635798316917537.0     
   24.800000000000001       -4394877415213396.0     
   24.850000000000001       -6767178052995601.0     
   24.900000000000002       -9109788654207976.0     
   24.950000000000003        25043433181440424.     
   25.000000000000000        6932399914904605.0     
   25.050000000000001        4947032939747223.0     
   25.100000000000001        2264244175227862.0     
   25.150000000000002        11225184340797434.     
   25.200000000000003       -6231476161577791.0     
   25.250000000000000        14578167892991880.     
   25.300000000000001       -69825393431254112.     
   25.350000000000001       -13394692572203992.     
   25.400000000000002        24355689719582396.     
   25.450000000000003       -3923579463267050.5     
   25.500000000000000       -1181522245787474.5     
   25.550000000000001        35267622148770764.     
   25.600000000000001        15301532783241738.     
   25.650000000000002       -36428232826825728.     
   25.700000000000003        25277932722878272.     
   25.750000000000000       -49096112139609760.     
   25.800000000000001       -8150658782835459.0     
   25.850000000000001       -4477471301860259.5     
   25.900000000000002        25137051035939060.     
   25.950000000000003        890632948868431.62     
   26.000000000000000        16171880133027158.     
   26.050000000000001       -4351879977439707.5     
   26.100000000000001       -22202531012179768.     
   26.150000000000002        13647582959723288.     
   26.200000000000003       -16714692879821186.     
   26.250000000000000        9192107281289718.0     
   26.300000000000001       -4440403147439199.5     
   26.350000000000001       -1480942019249429.8     
   26.400000000000002       -4735281185891971.0     
   26.450000000000003       -18605641419534452.     
   26.500000000000000       -28738851292437880.     
   26.550000000000001       -13739378217350678.     
   26.600000000000001        19063107225430508.     
   26.650000000000002       -52353356556726760.     
   26.700000000000003       -6648096228629845.0     
   26.750000000000000        9410465408769648.0     
   26.800000000000001        3335911500996866.0     
   26.850000000000001       -4630409409764057.0     
   26.900000000000002       -14647995984402828.     
   26.950000000000003        5933497281154619.0     
   27.000000000000000        12152444466811190.     
   27.050000000000001       -5588241180348319.0     
   27.100000000000001       -21163982177477868.     
   27.150000000000002        2135199098766318.5     
   27.200000000000003       -436749930997169.62     
   27.250000000000000       -44355037109733096.     
   27.300000000000001        3583535593181753.5     
   27.350000000000001       -16189335442773778.     
   27.400000000000002       -6576381327110102.0     
   27.450000000000003        48118913450594440.     
   27.500000000000000        14786214453177840.     
   27.550000000000001        2646457597716254.5     
   27.600000000000001        892881233451510.50     
   27.650000000000002        1952214796498166.5     
   27.700000000000003        13961199884241542.     
   27.750000000000000        6936492134922825.0     
   27.800000000000001       -28227460677430284.     
   27.850000000000001       -20632023952445328.     
   27.900000000000002        10585719771090658.     
   27.950000000000003        6747306962167916.0     
   28.000000000000000       -6066549817800859.0     
   28.050000000000001       -2106064117190328.2     
   28.100000000000001        13489492067657664.     
   28.150000000000002       -13529659801187194.     
   28.200000000000003       -17465843065373882.     
   28.250000000000000       -3888990804890001.5     
   28.300000000000001       -3923557522576019.0     
   28.350000000000001        9815999780107586.0     
   28.400000000000002        1441124524338521.8     
   28.450000000000003       -1307957650906719.5     
   28.500000000000000       -2918384208894087.5     
   28.550000000000001       -5108361067463725.0     
   28.600000000000001       -13831941622057622.     
   28.650000000000002       -9735113723216530.0     
   28.700000000000003        5437106901910862.0     
   28.750000000000000        46113906009042040.     
   28.800000000000001        2740491344102333.0     
   28.850000000000001        1870124677278284.5     
   28.900000000000002       -6244398335229200.0     
   28.950000000000003       -5808037483827209.0     
   29.000000000000000       -4499153557285662.0     
   29.050000000000001       -5053644156880010.0     
   29.100000000000001       -6738087063014191.0     
   29.150000000000002        11921709954589068.     
   29.200000000000003        1863152359938601.5     
   29.250000000000000       -3233096182906198.5     
   29.300000000000001       -6062678173545151.0     
   29.350000000000001       -38606648621504448.     
   29.400000000000002       -26069084900266188.     
   29.450000000000003       -3987937492447588.5     
   29.500000000000000       -28877075645827828.     
   29.550000000000001        4454839334790636.5     
   29.600000000000001       -3546001242929772.0     
   29.650000000000002       -19006933831771184.     
   29.700000000000003       -6652120135263822.0     
   29.750000000000000       -2343045962113309.5     
   29.800000000000001       -51494135434396048.     
   29.850000000000001       -4104915882805028.0     
   29.900000000000002       -19000053455101760.     
   29.950000000000003        49222241684269552.     
   30.000000000000000        6649343834586710.0     
   30.050000000000001       -15762587520711556.     
   30.100000000000001        453133671803203.06     
   30.150000000000002       -1.9206183661315274E+017
   30.200000000000003       -4582133245281638.0     
   30.250000000000000        13230156209337016.     
   30.300000000000001       -45036653691131904.     
   30.350000000000001       -2.0832884525524355E+017
   30.400000000000002        11455388027026804.     
   30.450000000000003        3424191497846851.0     
   30.500000000000000       -28328370746284212.     
   30.550000000000001       -30631174206672176.     
   30.600000000000001        3551010764054715.0     
   30.650000000000002        1.4162699066712861E+017
   30.700000000000003       -23766738416304704.     
   30.750000000000000        10329368809173522.     
   30.800000000000001        9683274548724216.0     
   30.850000000000001       -4435765402523759.5     
   30.900000000000002        2269493198524251.0     
   30.950000000000003        10842628623641512.     
   31.000000000000000        2121511508352025.5     
   31.050000000000001        15457068295879994.     
   31.100000000000001       -3.7395775829118541E+017
   31.150000000000002        50865293492080760.     
   31.200000000000003       -8765844428537040.0     
   31.250000000000000       -11817742849831066.     
   31.300000000000001       -16652979547970370.     
   31.350000000000001       -722420401260610.50     
   31.400000000000002       -7070910245924255.0     
   31.450000000000003       -24699815617684884.     
   31.500000000000000       -1.3181020551476531E+017
   31.550000000000001        9873548704750768.0     
   31.600000000000001        52593283099895056.     
   31.650000000000002       -5565662391290961.0     
   31.700000000000003       -4756054447484397.0     
   31.750000000000000       -330840834277627.62     
   31.800000000000001        2483735921476721.5     
   31.850000000000001        8427533510253868.0     
   31.900000000000002        8546376466907005.0     
   31.950000000000003       -43895307171400768.     
   32.000000000000000       -1.3214239254485576E+017
   32.050000000000004        11590991032861700.     
   32.100000000000001        7424555829584943.0     
   32.149999999999999       -15539907691409524.     
   32.200000000000003       -1911543394280556.0     
   32.250000000000000        4659361202386252.0     
   32.300000000000004        47450526992561560.     
   32.350000000000001       -13609400959394684.     
   32.399999999999999        6872011674709065.0     
   32.450000000000003       -22130190801181284.     
   32.500000000000000       -7204734323556483.0     
   32.550000000000004       -12163022475471318.     
   32.600000000000001        725914830817992.25     
   32.649999999999999        4429207741621340.0     
   32.700000000000003       -5029014475860254.0     
   32.750000000000000       -8228793222359520.0     
   32.800000000000004        18159297796796584.     
   32.850000000000001       -5267986567136726.0     
   32.899999999999999       -54677116099959280.     
   32.950000000000003        4817883462978416.0     
   33.000000000000000       -224144678966974.00     
   33.050000000000004        8280858302459060.0     
   33.100000000000001        7729993515691384.0     
   33.149999999999999       -47529770614616552.     
   33.200000000000003        12899249780664530.     
   33.250000000000000       -5755140560623621.0     
   33.300000000000004        13121120000817450.     
   33.350000000000001       -7059138779371210.0     
   33.399999999999999        16210026716303612.     
   33.450000000000003        5400443631935329.0     
   33.500000000000000       -18193891976096504.     
   33.550000000000004       -8833476276554816.0     
   33.600000000000001        3539561216155455.0     
   33.649999999999999        22671678407642432.     
   33.700000000000003        6025950844666623.0     
   33.750000000000000       -7065323615680779.0     
   33.800000000000004       -1738114207573287.8     
   33.850000000000001        1578728244061671.5     
   33.899999999999999       -24665767639858136.     
   33.950000000000003        33760206494930112.     
   34.000000000000000       -3.6755765113860608E+017
   34.050000000000004        44644503899861480.     
   34.100000000000001       -18849224246583876.     
   34.149999999999999        28763925867867604.     
   34.200000000000003       -3788652954024690.0     
   34.250000000000000        299709153686827.31     
   34.300000000000004        3703068957364745.5     
   34.350000000000001        3437775599101457.5     
   34.399999999999999        4865446215707879.0     
   34.450000000000003       -7416321784414194.0     
   34.500000000000000       -13571644078485210.     
   34.550000000000004        21551744021151528.     
   34.600000000000001       -8480127431256830.0     
   34.649999999999999        785556332790868.50     
   34.700000000000003       -2733769803418953.0     
   34.750000000000000       -4162348079802312.0     
   34.800000000000004       -18528847174767820.     
   34.850000000000001        38109473636222632.     
   34.899999999999999       -49239820556568168.     
   34.950000000000003        2.0145535276216464E+017
   35.000000000000000        12161866927405582.     
   35.050000000000004       -4901957672723589.0     
   35.100000000000001        15249738368272610.     
   35.149999999999999        7364653914898004.0     
   35.200000000000003        8168336121375397.0     
   35.250000000000000        6616270456393034.0     
   35.300000000000004        27174846214992404.     
   35.350000000000001       -5763530239413740.0     
   35.399999999999999       -21629115153874464.     
   35.450000000000003        6810766050404059.0     
   35.500000000000000       -4460387222214832.5     
   35.550000000000004       -4515313801832383.0     
   35.600000000000001        4422857185557315.0     
   35.649999999999999        7489486968968802.0     
   35.700000000000003        12703187560039984.     
   35.750000000000000       -13957757876590592.     
   35.800000000000004       -15253357148690878.     
   35.850000000000001        18352054787287412.     
   35.899999999999999        465112204106894.81     
   35.950000000000003       -3200978573326495.5     
   36.000000000000000       -9766719617606624.0     
   36.050000000000004       -14692301548480106.     
   36.100000000000001       -5905979364495112.0     
   36.149999999999999        13940180754479314.     
   36.200000000000003       -4554536102324652.0     
   36.250000000000000       -3550191544861070.5     
   36.300000000000004       -1792017898916017.0     
   36.350000000000001       -39288367136928328.     
   36.399999999999999       -4262494400486944.0     
   36.450000000000003       -11110975552703722.     
   36.500000000000000        11046859836693686.     
   36.550000000000004        82882574713628064.     
   36.600000000000001        31826789951656780.     
   36.649999999999999        11164160418699732.     
   36.700000000000003        2939187139109515.0     
   36.750000000000000        1044089450079225.1     
   36.800000000000004       -14438791918184260.     
   36.850000000000001        17202684982698138.     
   36.899999999999999       -7037908699832874.0     
   36.950000000000003       -17028302156562390.     
   37.000000000000000       -11495475773182706.     
   37.050000000000004       -50614421696033136.     
   37.100000000000001        5446784750428483.0     
   37.149999999999999       -289942024066622.88     
   37.200000000000003        20288725278477580.     
   37.250000000000000       -2516665328860471.5     
   37.300000000000004        40826582387882432.     
   37.350000000000001        14145068394410540.     
   37.399999999999999        6614727689951987.0     
   37.450000000000003        6643199380772319.0     
   37.500000000000000        19630310039852300.     
   37.550000000000004        2424172856875563.0     
   37.600000000000001        999462267402274.25     
   37.649999999999999       -6089350971796744.0     
   37.700000000000003        10280159387935458.     
   37.750000000000000       -1.3964587108619562E+017
   37.800000000000004       -23580101430012500.     
   37.850000000000001        3115906755362656.5     
   37.899999999999999       -5354680847266697.0     
   37.950000000000003        10108929485364300.     
   38.000000000000000       -1936700567919724.0     
   38.050000000000004       -54777030481658464.     
   38.100000000000001       -8865694118564571.0     
   38.149999999999999        53323460826088744.     
   38.200000000000003       -38617213729694568.     
   38.250000000000000        5751212017509471.0     
   38.300000000000004        6834263046709014.0     
   38.350000000000001        3088752535161268.5     
   38.400000000000006       -92165063153112.625     
   38.450000000000003       -9844961633898744.0     
   38.500000000000000       -27810738610697072.     
   38.550000000000004       -5916508268796634.0     
   38.600000000000001       -10015919570324924.     
   38.650000000000006        2.9069225306425248E+017
   38.700000000000003        24941773021424816.     
   38.750000000000000        6022537200986720.0     
   38.800000000000004        1202847743430039.8     
   38.850000000000001       -8461692611179212.0     
   38.900000000000006        23461394167667036.     
   38.950000000000003       -16970299169718598.     
   39.000000000000000       -11448461310421562.     
   39.050000000000004        8793922417853527.0     
   39.100000000000001       -32283876174477372.     
   39.150000000000006       -14475553447099404.     
   39.200000000000003       -812318239144600.62     
   39.250000000000000        29881525246336424.     
   39.300000000000004       -4755000075846004.0     
   39.350000000000001       -4556645462137839.0     
   39.400000000000006       -10205282858432904.     
   39.450000000000003        21334811658005688.     
   39.500000000000000        17500211568728168.     
   39.550000000000004       -4309734751309665.5     
   39.600000000000001       -4906384287894956.0     
   39.650000000000006       -662552687427367.75     
   39.700000000000003        2764099490297977.5     
   39.750000000000000        92664053115154128.     
   39.800000000000004       -27084991921481416.     
   39.850000000000001        36498475144287352.     
   39.900000000000006       -10526081165415390.     
   39.950000000000003        31741841883975304.     
   40.000000000000000       -28330040000486320.     
   40.050000000000004       -5143401083491487.0     
   40.100000000000001        5857198456502427.0     
   40.150000000000006       -11767304771552456.     
   40.200000000000003       -59510186653167832.     
   40.250000000000000        6238322376542262.0     
   40.300000000000004        9136943173133476.0     
   40.350000000000001       -17603173078887658.     
   40.400000000000006       -3756110378584386.5     
   40.450000000000003        5141849786741381.0     
   40.500000000000000       -1411217866138264.0     
   40.550000000000004        3230873821213780.0     
   40.600000000000001        12714707051285398.     
   40.650000000000006       -8987351108306246.0     
   40.700000000000003       -6220956402032924.0     
   40.750000000000000        17236438002077338.     
   40.800000000000004       -2843364797148505.0     
   40.850000000000001        2411177480239171.0     
   40.900000000000006        11797933526006082.     
   40.950000000000003       -3746186407065625.0     
   41.000000000000000       -5711823042138594.0     
   41.050000000000004       -63362680288166248.     
   41.100000000000001        1.0932951656879472E+017
   41.150000000000006       -12136600342153188.     
   41.200000000000003       -9757332834108478.0     
   41.250000000000000       -2769088237864363.5     
   41.300000000000004       -229471249900811.25     
   41.350000000000001       -2092000696671930.2     
   41.400000000000006       -5299814457920870.0     
   41.450000000000003        8316468650442692.0     
   41.500000000000000        54543373023264944.     
   41.550000000000004        14248784269756490.     
   41.600000000000001       -6636266494623426.0     
   41.650000000000006       -10154802729130610.     
   41.700000000000003       -871745117604228.62     
   41.750000000000000       -4453741928689775.5     
   41.800000000000004        18506010965302912.     
   41.850000000000001        15996270684375728.     
   41.900000000000006       -33134408464516668.     
   41.950000000000003       -17670076711105082.     
   42.000000000000000       -20688905963818968.     
   42.050000000000004       -28616229562276392.     
   42.100000000000001        2866021242296010.5     
   42.150000000000006        32765868974575608.     
   42.200000000000003        1994236526793803.5     
   42.250000000000000       -1.4514766762594345E+018
   42.300000000000004        10662957343962092.     
   42.350000000000001        20359111030577772.     
   42.400000000000006       -17542098978313676.     
   42.450000000000003        13245110617064268.     
   42.500000000000000        1996787563594250.2     
   42.550000000000004        17831818021853.180     
   42.600000000000001       -3676135815051296.0     
   42.650000000000006       -15558058646322382.     
   42.700000000000003        4310098082027467.0     
   42.750000000000000        6844330558666539.0     
   42.800000000000004       -5445683154160189.0     
   42.850000000000001       -7592059370179128.0     
   42.900000000000006        2.0908632345910378E+017
   42.950000000000003       -761098691967155.50     
   43.000000000000000       -21000415082444700.     
   43.050000000000004       -30662844228154796.     
   43.100000000000001       -1.9598935720974141E+017
   43.150000000000006        64872274395513984.     
   43.200000000000003       -16405922264966016.     
   43.250000000000000       -7616703616867606.0     
   43.300000000000004       -2653644984694191.5     
   43.350000000000001        56223754306002504.     
   43.400000000000006        5030382835256735.0     
   43.450000000000003        4604465183779696.0     
   43.500000000000000        18929378065935744.     
   43.550000000000004       -22673232673221048.     
   43.600000000000001        5237936937520664.0     
   43.650000000000006       -10003157683841140.     
   43.700000000000003        11334049701483196.     
   43.750000000000000       -2253073557031447.5     
   43.800000000000004       -205793261906763.81     
   43.850000000000001        4077247350356503.5     
   43.900000000000006        6177048198568369.0     
   43.950000000000003       -12754540073675162.     
   44.000000000000000       -41470315320398000.     
   44.050000000000004       -7840357845547971.0     
   44.100000000000001       -11059345183727176.     
   44.150000000000006       -4610231586084821.0     
   44.200000000000003        683837321888429.25     
   44.250000000000000        11728222309636478.     
   44.300000000000004        6216583827596109.0     
   44.350000000000001        8567195747428785.0     
   44.400000000000006       -25457124118865020.     
   44.450000000000003       -11239637913344842.     
   44.500000000000000       -14262581208962450.     
   44.550000000000004       -6232156363411894.0     
   44.600000000000001       -8291591243175431.0     
   44.650000000000006        2800549473518899.0     
   44.700000000000003        11362360357847824.     
   44.750000000000000       -5584047973279404.0     
   44.800000000000004       -23238766473652396.     
   44.850000000000001       -8930347633572283.0     
   44.900000000000006        15565397377207572.     
   44.950000000000003        6437653428470819.0     
   45.000000000000000       -4821487877544597.0     
   45.050000000000004        1244747477272542.5     
   45.100000000000001        3891844172756616.5     
   45.150000000000006       -57078844155953336.     
   45.200000000000003       -7.0802035743448435E+017
   45.250000000000000        11516712429118556.     
   45.300000000000004        13819451540761150.     
   45.350000000000001        1.5304401139393126E+017
   45.400000000000006        13318504138899262.     
   45.450000000000003        510655582007207.56     
   45.500000000000000       -9654712206103900.0     
   45.550000000000004        66461303835135768.     
   45.600000000000001        23452643039237916.     
   45.650000000000006       -28683245026719648.     
   45.700000000000003        28820081543418136.     
   45.750000000000000       -6992150824893027.0     
   45.800000000000004       -3.9901112536044769E+018
   45.850000000000001        1177506060206169.5     
   45.900000000000006       -947656311790483.12     
   45.950000000000003       -8325533941295205.0     
   46.000000000000000       -20910197952828792.     
   46.050000000000004       -10249713274835120.     
   46.100000000000001        7139250589537323.0     
   46.150000000000006       -5926137724770046.0     
   46.200000000000003        58094657973817512.     
   46.250000000000000       -2686552533606267.0     
   46.300000000000004        587041654068807.75     
   46.350000000000001       -4388524226346506.5     
   46.400000000000006        4825194611739946.0     
   46.450000000000003        17322507971400428.     
   46.500000000000000        4506490366002244.0     
   46.550000000000004       -6268377898660364.0     
   46.600000000000001        8213581579714314.0     
   46.650000000000006       -3692751330637793.0     
   46.700000000000003       -15858950250387.814     
   46.750000000000000        2358188108683791.0     
   46.800000000000004        5546824609634921.0     
   46.850000000000001        33596675779024652.     
   46.900000000000006       -15790940322541416.     
   46.950000000000003       -12202784523670240.     
   47.000000000000000        4486385921302796.0     
   47.050000000000004        1.8530451209753619E+017
   47.100000000000001       -2.8574052356752458E+017
   47.150000000000006       -2700091820731957.0     
   47.200000000000003        9760114012960908.0     
   47.250000000000000        8580408806978543.0     
   47.300000000000004       -10907925011916276.     
   47.350000000000001        7806818944905608.0     
   47.400000000000006       -8904793621682916.0     
   47.450000000000003       -3102391115871062.0     
   47.500000000000000       -1490509056903961.2     
   47.550000000000004        3617514052182396.0     
   47.600000000000001        12216793771700606.     
   47.650000000000006        19445843126241784.     
   47.700000000000003       -8878299650576022.0     
   47.750000000000000        6249193751635886.0     
   47.800000000000004       -6160877743269090.0     
   47.850000000000001        6670860583648046.0     
   47.900000000000006       -6277131022029280.0     
   47.950000000000003        677561465947412.88     
   48.000000000000000        2369205225664781.0     
   48.050000000000004        5254577522817321.0     
   48.100000000000001       -21347317952114852.     
   48.150000000000006       -7500254720545458.0     
   48.200000000000003       -9542187525136916.0     
   48.250000000000000        11065492325157710.     
   48.300000000000004        2207572184505687.8     
   48.350000000000001       -353495745620729.62     
   48.400000000000006        1452276932947775.8     
   48.450000000000003        10385121626049482.     
   48.500000000000000        8957249566114135.0     
   48.550000000000004        14800049098782838.     
   48.600000000000001       -7213009876652357.0     
   48.650000000000006       -14642425746060752.     
   48.700000000000003       -5093598143764670.0     
   48.750000000000000        1369164522161738.8     
   48.800000000000004       -3477171189093207.5     
   48.850000000000001       -4092028567191064.5     
   48.900000000000006        11249832544533630.     
   48.950000000000003       -8023874988847022.0     
   49.000000000000000        6815858934716106.0     
   49.050000000000004       -84884130783506816.     
   49.100000000000001        62049566466719136.     
   49.150000000000006       -13592096739460380.     
   49.200000000000003       -1995579489792064.5     
   49.250000000000000        10573016829449460.     
   49.300000000000004        13471548458319898.     
   49.350000000000001        10988736068513068.     
   49.400000000000006        9416497905863960.0     
   49.450000000000003        25171260692835500.     
   49.500000000000000        3471649893741302.0     
   49.550000000000004       -3903398840125061.5     
   49.600000000000001       -875640648203092.62     
   49.650000000000006       -3279485847620238.5     
   49.700000000000003        4934641705179856.0     
   49.750000000000000        40903410148943432.     
   49.800000000000004        6381273149776867.0     
   49.850000000000001        29256520650102376.     
   49.900000000000006       -49766247460914136.     
   49.950000000000003       -8403829137535508.0     
