   0.0000000000000000       -1.0000000000000000     
   2.0000000000000000E-002 -0.99996802610133340     
   4.0000000000000001E-002 -0.99987224676588193     
   5.9999999999999998E-002 -0.99971296061215131     
   8.0000000000000002E-002 -0.99949057883945436     
  0.10000000000000001      -0.99920562400588198     
  0.12000000000000000      -0.99885872860104952     
  0.14000000000000001      -0.99845063341734941     
  0.16000000000000000      -0.99798218572383313     
  0.17999999999999999      -0.99745433724722221     
  0.20000000000000001      -0.99686814196492712     
  0.22000000000000000      -0.99622475371530295     
  0.23999999999999999      -0.99552542363072005     
  0.26000000000000001      -0.99477149739935378     
  0.28000000000000003      -0.99396441236191924     
  0.29999999999999999      -0.99310569444986940     
  0.32000000000000001      -0.99219695497186611     
  0.34000000000000002      -0.99123988725559253     
  0.35999999999999999      -0.99023626315224134     
  0.38000000000000000      -0.98918792941122680     
  0.40000000000000002      -0.98809680393289889     
  0.41999999999999998      -0.98696487190723026     
  0.44000000000000000      -0.98579418184662826     
  0.46000000000000002      -0.98458684152117526     
  0.47999999999999998      -0.98334501380476169     
  0.50000000000000000      -0.98207091244067346     
  0.52000000000000002      -0.98076679773532460     
  0.54000000000000004      -0.97943497218889286     
  0.56000000000000005      -0.97807777607168600     
  0.57999999999999996      -0.97669758295512366     
  0.59999999999999998      -0.97529679520622947     
  0.62000000000000000      -0.97387783945455320     
  0.64000000000000001      -0.97244316204043091     
  0.66000000000000003      -0.97099522445344721     
  0.68000000000000005      -0.96953649876994796     
  0.70000000000000007      -0.96806946309836095     
  0.71999999999999997      -0.96659659704101353     
  0.73999999999999999      -0.96512037718104682     
  0.76000000000000001      -0.96364327260289284     
  0.78000000000000003      -0.96216774045466513     
  0.80000000000000004      -0.96069622156066747     
  0.82000000000000006      -0.95923113609205624     
  0.83999999999999997      -0.95777487930352578     
  0.85999999999999999      -0.95632981734368627     
  0.88000000000000000      -0.95489828314661507     
  0.90000000000000002      -0.95348257241183110     
  0.92000000000000004      -0.95208493967972307     
  0.94000000000000006      -0.95070759450922404     
  0.95999999999999996      -0.94935269776426545     
  0.97999999999999998      -0.94802235801528900     
   1.0000000000000000      -0.94671862806182405     
   1.0200000000000000      -0.94544350158185342     
   1.0400000000000000      -0.94419890991340660     
   1.0600000000000001      -0.94298671897352027     
   1.0800000000000001      -0.94180872631940238     
   1.1000000000000001      -0.94066665835632990     
   1.1200000000000001      -0.93956216769648881     
   1.1400000000000001      -0.93849683067265177     
   1.1599999999999999      -0.93747214501025078     
   1.1799999999999999      -0.93648952766109339     
   1.2000000000000000      -0.93555031280161993     
   1.2200000000000000      -0.93465574999827039     
   1.2400000000000000      -0.93380700254220528     
   1.2600000000000000      -0.93300514595526152     
   1.2800000000000000      -0.93225116666872143     
   1.3000000000000000      -0.93154596087609753     
   1.3200000000000001      -0.93089033356083029     
   1.3400000000000001      -0.93028499769943629     
   1.3600000000000001      -0.92973057364032874     
   1.3800000000000001      -0.92922758865818988     
   1.4000000000000001      -0.92877647668344354     
   1.4199999999999999      -0.92837757820606637     
   1.4399999999999999      -0.92803114035263379     
   1.4600000000000000      -0.92773731713520025     
   1.4800000000000000      -0.92749616987029193     
   1.5000000000000000      -0.92730766776598217     
   1.5200000000000000      -0.92717168867472832     
   1.5400000000000000      -0.92708802000935020     
   1.5600000000000001      -0.92705635981924983     
   1.5800000000000001      -0.92707631802367940     
   1.6000000000000001      -0.92714741779861731     
   1.6200000000000001      -0.92726909711352978     
   1.6400000000000001      -0.92744071041404841     
   1.6600000000000001      -0.92766153044635091     
   1.6799999999999999      -0.92793075021880056     
   1.7000000000000000      -0.92824748509616173     
   1.7200000000000000      -0.92861077502150857     
   1.7400000000000000      -0.92901958686073050     
   1.7600000000000000      -0.92947281686434213     
   1.7800000000000000      -0.92996929324113320     
   1.8000000000000000      -0.93050777883800295     
   1.8200000000000001      -0.93108697392018480     
   1.8400000000000001      -0.93170551904590204     
   1.8600000000000001      -0.93236199802935971     
   1.8800000000000001      -0.93305494098586750     
   1.9000000000000001      -0.93378282745275010     
   1.9199999999999999      -0.93454408957962776     
   1.9399999999999999      -0.93533711538154440     
   1.9600000000000000      -0.93616025204834663     
   1.9800000000000000      -0.93701180930366568     
   2.0000000000000000      -0.93789006280679432     
   2.0200000000000000      -0.93879325759070809     
   2.0400000000000000      -0.93971961152947925     
   2.0600000000000001      -0.94066731882829002     
   2.0800000000000001      -0.94163455352928038     
   2.1000000000000001      -0.94261947302645388     
   2.1200000000000001      -0.94362022158292391     
   2.1400000000000001      -0.94463493384378472     
   2.1600000000000001      -0.94566173833797662     
   2.1800000000000002      -0.94669876096255812     
   2.2000000000000002      -0.94774412844288580     
   2.2200000000000002      -0.94879597176227948     
   2.2400000000000002      -0.94985242955487126     
   2.2600000000000002      -0.95091165145542200     
   2.2800000000000002      -0.95197180140003690     
   2.3000000000000003      -0.95303106087183176     
   2.3199999999999998      -0.95408763208574832     
   2.3399999999999999      -0.95513974110688959     
   2.3599999999999999      -0.95618564089687985     
   2.3799999999999999      -0.95722361428296199     
   2.3999999999999999      -0.95825197684472152     
   2.4199999999999999      -0.95926907971349884     
   2.4399999999999999      -0.96027331227979507     
   2.4600000000000000      -0.96126310480415444     
   2.4800000000000000      -0.96223693092723739     
   2.5000000000000000      -0.96319331007503095     
   2.5200000000000000      -0.96413080975537213     
   2.5400000000000000      -0.96504804774219166     
   2.5600000000000001      -0.96594369414414405     
   2.5800000000000001      -0.96681647335454024     
   2.6000000000000001      -0.96766516587974305     
   2.6200000000000001      -0.96848861004345621     
   2.6400000000000001      -0.96928570356460297     
   2.6600000000000001      -0.97005540500675169     
   2.6800000000000002      -0.97079673509731290     
   2.7000000000000002      -0.97150877791501977     
   2.7200000000000002      -0.97219068194445624     
   2.7400000000000002      -0.97284166099668479     
   2.7600000000000002      -0.97346099499529948     
   2.7800000000000002      -0.97404803062749723     
   2.8000000000000003      -0.97460218186004077     
   2.8199999999999998      -0.97512293032025155     
   2.8399999999999999      -0.97560982554244791     
   2.8599999999999999      -0.97606248508050886     
   2.8799999999999999      -0.97648059448749969     
   2.8999999999999999      -0.97686390716357019     
   2.9199999999999999      -0.97721224407358287     
   2.9399999999999999      -0.97752549333617922     
   2.9600000000000000      -0.97780360968625124     
   2.9800000000000000      -0.97804661381299596     
   3.0000000000000000      -0.97825459157601635     
   3.0200000000000000      -0.97842769310209055     
   3.0400000000000000      -0.97856613176552809     
   3.0600000000000001      -0.97867018305516895     
   3.0800000000000001      -0.97874018333135560     
   3.1000000000000001      -0.97877652847634555     
   3.1200000000000001      -0.97877967244186626     
   3.1400000000000001      -0.97875012569765563     
   3.1600000000000001      -0.97868845358503354     
   3.1800000000000002      -0.97859527457967888     
   3.2000000000000002      -0.97847125846795746     
   3.2200000000000002      -0.97831712444127761     
   3.2400000000000002      -0.97813363911307927     
   3.2600000000000002      -0.97792161446317527     
   3.2800000000000002      -0.97768190571428737     
   3.3000000000000003      -0.97741540914568970     
   3.3200000000000003      -0.97712305984898562     
   3.3399999999999999      -0.97680582943109551     
   3.3599999999999999      -0.97646472366960757     
   3.3799999999999999      -0.97610078012569401     
   3.3999999999999999      -0.97571506571982658     
   3.4199999999999999      -0.97530867427557189     
   3.4399999999999999      -0.97488272403673804     
   3.4600000000000000      -0.97443835516317900     
   3.4800000000000000      -0.97397672721053796     
   3.5000000000000000      -0.97349901659920124     
   3.5200000000000000      -0.97300641407771171     
   3.5400000000000000      -0.97250012218584692     
   3.5600000000000001      -0.97198135272252273     
   3.5800000000000001      -0.97145132422362157     
   3.6000000000000001      -0.97091125945478496     
   3.6200000000000001      -0.97036238292411492     
   3.6400000000000001      -0.96980591841966390     
   3.6600000000000001      -0.96924308657646718     
   3.6800000000000002      -0.96867510247779487     
   3.7000000000000002      -0.96810317329516704     
   3.7200000000000002      -0.96752849597155066     
   3.7400000000000002      -0.96695225495204307     
   3.7600000000000002      -0.96637561996618493     
   3.7800000000000002      -0.96579974386592093     
   3.8000000000000003      -0.96522576052305209     
   3.8200000000000003      -0.96465478278988326     
   3.8399999999999999      -0.96408790052658777     
   3.8599999999999999      -0.96352617869864976     
   3.8799999999999999      -0.96297065554755890     
   3.8999999999999999      -0.96242234083775924     
   3.9199999999999999      -0.96188221418266218     
   3.9399999999999999      -0.96135122345233714     
   3.9600000000000000      -0.96083028326531428     
   3.9800000000000000      -0.96032027356672445     
   4.0000000000000000      -0.95982203829479418     
   4.0200000000000005      -0.95933638413754641     
   4.0400000000000000      -0.95886407938129525     
   4.0600000000000005      -0.95840585285237723     
   4.0800000000000001      -0.95796239295331354     
   4.0999999999999996      -0.95753434679440974     
   4.1200000000000001      -0.95712231942158110     
   4.1399999999999997      -0.95672687314099913     
   4.1600000000000001      -0.95634852694093053     
   4.1799999999999997      -0.95598775601094954     
   4.2000000000000002      -0.95564499135848902     
   4.2199999999999998      -0.95532061952250436     
   4.2400000000000002      -0.95501498238381699     
   4.2599999999999998      -0.95472837707150859     
   4.2800000000000002      -0.95446105596455011     
   4.2999999999999998      -0.95421322678764431     
   4.3200000000000003      -0.95398505280009493     
   4.3399999999999999      -0.95377665307631032     
   4.3600000000000003      -0.95358810287639428     
   4.3799999999999999      -0.95341943410507946     
   4.4000000000000004      -0.95327063585711258     
   4.4199999999999999      -0.95314165504702686     
   4.4400000000000004      -0.95303239712107446     
   4.4600000000000000      -0.95294272684896009     
   4.4800000000000004      -0.95287246919284430     
   4.5000000000000000      -0.95282141025097733     
   4.5200000000000005      -0.95278929827316139     
   4.5400000000000000      -0.95277584474514487     
   4.5600000000000005      -0.95278072553890580     
   4.5800000000000001      -0.95280358212568905     
   4.6000000000000005      -0.95284402284855840     
   4.6200000000000001      -0.95290162425111224     
   4.6399999999999997      -0.95297593245895240     
   4.6600000000000001      -0.95306646461037769     
   4.6799999999999997      -0.95317271033274209     
   4.7000000000000002      -0.95329413326081935     
   4.7199999999999998      -0.95343017259348173     
   4.7400000000000002      -0.95358024468494240     
   4.7599999999999998      -0.95374374466677292     
   4.7800000000000002      -0.95392004809687525     
   4.7999999999999998      -0.95410851263157059     
   4.8200000000000003      -0.95430847971694366     
   4.8399999999999999      -0.95451927629557332     
   4.8600000000000003      -0.95474021652480223     
   4.8799999999999999      -0.95497060350266805     
   4.9000000000000004      -0.95520973099768214     
   4.9199999999999999      -0.95545688517863270     
   4.9400000000000004      -0.95571134634063415     
   4.9600000000000000      -0.95597239062369699     
   4.9800000000000004      -0.95623929172011379     
   5.0000000000000000      -0.95651132256704541     
   5.0200000000000005      -0.95678775702072993     
   5.0400000000000000      -0.95706787150881545     
   5.0600000000000005      -0.95735094665740217     
   5.0800000000000001      -0.95763626888945419     
   5.1000000000000005      -0.95792313199133350     
   5.1200000000000001      -0.95821083864431034     
   5.1399999999999997      -0.95849870191800257     
   5.1600000000000001      -0.95878604672280976     
   5.1799999999999997      -0.95907221121851194     
   5.2000000000000002      -0.95935654817634064     
   5.2199999999999998      -0.95963842629193663     
   5.2400000000000002      -0.95991723144674357     
   5.2599999999999998      -0.96019236791552975     
   5.2800000000000002      -0.96046325951785172     
   5.2999999999999998      -0.96072935071142651     
   5.3200000000000003      -0.96099010762552262     
   5.3399999999999999      -0.96124501903262094     
   5.3600000000000003      -0.96149359725675709     
   5.3799999999999999      -0.96173537901710127     
   5.4000000000000004      -0.96196992620549260     
   5.4199999999999999      -0.96219682659679839     
   5.4400000000000004      -0.96241569449112718     
   5.4600000000000000      -0.96262617128709027     
   5.4800000000000004      -0.96282792598544675     
   5.5000000000000000      -0.96302065562266126     
   5.5200000000000005      -0.96320408563402082     
   5.5400000000000000      -0.96337797014615845     
   5.5600000000000005      -0.96354209219896014     
   5.5800000000000001      -0.96369626389699803     
   5.6000000000000005      -0.96384032649080564     
   5.6200000000000001      -0.96397415038843226     
   5.6399999999999997      -0.96409763509789570     
   5.6600000000000001      -0.96421070910129680     
   5.6799999999999997      -0.96431332966148342     
   5.7000000000000002      -0.96440548256233316     
   5.7199999999999998      -0.96448718178383119     
   5.7400000000000002      -0.96455846911327625     
   5.7599999999999998      -0.96461941369407800     
   5.7800000000000002      -0.96467011151372595     
   5.7999999999999998      -0.96471068483265698     
   5.8200000000000003      -0.96474128155584205     
   5.8399999999999999      -0.96476207454904728     
   5.8600000000000003      -0.96477326090182935     
   5.8799999999999999      -0.96477506113942013     
   5.9000000000000004      -0.96476771838576836     
   5.9199999999999999      -0.96475149748008349     
   5.9400000000000004      -0.96472668404933271     
   5.9600000000000000      -0.96469358353920021     
   5.9800000000000004      -0.96465252020611347     
   6.0000000000000000      -0.96460383607299283     
   6.0200000000000005      -0.96454788985145534     
   6.0400000000000000      -0.96448505583324851     
   6.0600000000000005      -0.96441572275374421     
   6.0800000000000001      -0.96434029263036336     
   6.1000000000000005      -0.96425917957883711     
   6.1200000000000001      -0.96417280861023458     
   6.1400000000000006      -0.96408161441171591     
   6.1600000000000001      -0.96398604011398259     
   6.1799999999999997      -0.96388653604839070     
   6.2000000000000002      -0.96378355849672581     
   6.2199999999999998      -0.96367756843658725     
   6.2400000000000002      -0.96356903028536844     
   6.2599999999999998      -0.96345841064576099     
   6.2800000000000002      -0.96334617705569858     
   6.2999999999999998      -0.96323279674563578     
   6.3200000000000003      -0.96311873540600734     
   6.3399999999999999      -0.96300445596766615     
   6.3600000000000003      -0.96289041739806247     
   6.3799999999999999      -0.96277707351586472     
   6.4000000000000004      -0.96266487182665139     
   6.4199999999999999      -0.96255425238225900     
   6.4400000000000004      -0.96244564666627697     
   6.4600000000000000      -0.96233947650811635     
   6.4800000000000004      -0.96223615302799803     
   6.5000000000000000      -0.96213607561511305     
   6.5200000000000005      -0.96203963094111655     
   6.5400000000000000      -0.96194719201104284     
   6.5600000000000005      -0.96185911725359263     
   6.5800000000000001      -0.96177574965267998     
   6.6000000000000005      -0.96169741592199198     
   6.6200000000000001      -0.96162442572422790     
   6.6400000000000006      -0.96155707093655063     
   6.6600000000000001      -0.96149562496369434     
   6.6799999999999997      -0.96144034210002594     
   6.7000000000000002      -0.96139145694176931     
   6.7199999999999998      -0.96134918385046086     
   6.7400000000000002      -0.96131371646858621     
   6.7599999999999998      -0.96128522728823174     
   6.7800000000000002      -0.96126386727345792     
   6.7999999999999998      -0.96124976553696495     
   6.8200000000000003      -0.96124302907151615     
   6.8399999999999999      -0.96124374253644573     
   6.8600000000000003      -0.96125196809944891     
   6.8799999999999999      -0.96126774533373927     
   6.9000000000000004      -0.96129109117052913     
   6.9199999999999999      -0.96132199990665934     
   6.9400000000000004      -0.96136044326708847     
   6.9600000000000000      -0.96140637052183653     
   6.9800000000000004      -0.96145970865683550     
   7.0000000000000000      -0.96152036259806117     
   7.0200000000000005      -0.96158821548816209     
   7.0400000000000000      -0.96166312901472040     
   7.0600000000000005      -0.96174494378915454     
   7.0800000000000001      -0.96183347977516997     
   7.1000000000000005      -0.96192853676556034     
   7.1200000000000001      -0.96202989490605617     
   7.1400000000000006      -0.96213731526482638     
   7.1600000000000001      -0.96225054044614233     
   7.1799999999999997      -0.96236929524661274     
   7.2000000000000002      -0.96249328735233231     
   7.2199999999999998      -0.96262220807518328     
   7.2400000000000002      -0.96275573312646490     
   7.2599999999999998      -0.96289352342594103     
   7.2800000000000002      -0.96303522594433866     
   7.2999999999999998      -0.96318047457725164     
   7.3200000000000003      -0.96332889104835950     
   7.3399999999999999      -0.96348008583979539     
   7.3600000000000003      -0.96363365914746635     
   7.3799999999999999      -0.96378920185907291     
   7.4000000000000004      -0.96394629655253827     
   7.4199999999999999      -0.96410451851251155     
   7.4400000000000004      -0.96426343676260307     
   7.4600000000000000      -0.96442261511095362     
   7.4800000000000004      -0.96458161320674685     
   7.5000000000000000      -0.96473998760523882     
   7.5200000000000005      -0.96489729283888637     
   7.5400000000000000      -0.96505308249213395     
   7.5600000000000005      -0.96520691027743521     
   7.5800000000000001      -0.96535833111008307     
   7.6000000000000005      -0.96550690217943447     
   7.6200000000000001      -0.96565218401413344     
   7.6400000000000006      -0.96579374153895403     
   7.6600000000000001      -0.96593114512092071     
   7.6799999999999997      -0.96606397160237800     
   7.7000000000000002      -0.96619180531873883     
   7.7199999999999998      -0.96631423909865455     
   7.7400000000000002      -0.96643087524442994     
   7.7599999999999998      -0.96654132649052005     
   7.7800000000000002      -0.96664521693802175     
   7.7999999999999998      -0.96674218296313186     
   7.8200000000000003      -0.96683187409759641     
   7.8399999999999999      -0.96691395387924306     
   7.8600000000000003      -0.96698810067076879     
   7.8799999999999999      -0.96705400844502321     
   7.9000000000000004      -0.96711138753509862     
   7.9199999999999999      -0.96715996534763393     
   7.9400000000000004      -0.96719948703781067     
   7.9600000000000000      -0.96722971614460940     
   7.9800000000000004      -0.96725043518499532     
   8.0000000000000000      -0.96726144620577426     
   8.0199999999999996      -0.96726257129197513     
   8.0400000000000009      -0.96725365303070143     
   8.0600000000000005      -0.96723455492948862     
   8.0800000000000001      -0.96720516178832705     
   8.0999999999999996      -0.96716538002457741     
   8.1200000000000010      -0.96711513795014736     
   8.1400000000000006      -0.96705438600037152     
   8.1600000000000001      -0.96698309691416318     
   8.1799999999999997      -0.96690126586510250     
   8.1999999999999993      -0.96680891054323470     
   8.2200000000000006      -0.96670607118745666     
   8.2400000000000002      -0.96659281056848823     
   8.2599999999999998      -0.96646921392251262     
   8.2799999999999994      -0.96633538883568881     
   8.3000000000000007      -0.96619146507985154     
   8.3200000000000003      -0.96603759439979309     
   8.3399999999999999      -0.96587395025265566     
   8.3599999999999994      -0.96570072750003799     
   8.3800000000000008      -0.96551814205354658     
   8.4000000000000004      -0.96532643047459277     
   8.4199999999999999      -0.96512584952935399     
   8.4399999999999995      -0.96491667569990514     
   8.4600000000000009      -0.96469920465262282     
   8.4800000000000004      -0.96447375066503183     
   8.5000000000000000      -0.96424064601239912     
   8.5199999999999996      -0.96400024031539977     
   8.5400000000000009      -0.96375289985031831     
   8.5600000000000005      -0.96349900682328971     
   8.5800000000000001      -0.96323895861017350     
   8.5999999999999996      -0.96297316696371849     
   8.6200000000000010      -0.96270205718974800     
   8.6400000000000006      -0.96242606729415336     
   8.6600000000000001      -0.96214564710254191     
   8.6799999999999997      -0.96186125735444494     
   8.7000000000000011      -0.96157336877403476     
   8.7200000000000006      -0.96128246111935889     
   8.7400000000000002      -0.96098902221211058     
   8.7599999999999998      -0.96069354695004161     
   8.7799999999999994      -0.96039653630410649     
   8.8000000000000007      -0.96009849630247557     
   8.8200000000000003      -0.95979993700360189     
   8.8399999999999999      -0.95950137146048498     
   8.8599999999999994      -0.95920331467836317     
   8.8800000000000008      -0.95890628256800359     
   8.9000000000000004      -0.95861079089682644     
   8.9199999999999999      -0.95831735424004594     
   8.9399999999999995      -0.95802648493405207     
   8.9600000000000009      -0.95773869203420348     
   8.9800000000000004      -0.95745448027923330     
   9.0000000000000000      -0.95717434906440280     
   9.0199999999999996      -0.95689879142556333     
   9.0400000000000009      -0.95662829303621089     
   9.0600000000000005      -0.95636333121962691     
   9.0800000000000001      -0.95610437397813686     
   9.0999999999999996      -0.95585187904148294     
   9.1200000000000010      -0.95560629293626875     
   9.1400000000000006      -0.95536805007837777     
   9.1600000000000001      -0.95513757189021797     
   9.1799999999999997      -0.95491526594458631     
   9.2000000000000011      -0.95470152513688933     
   9.2200000000000006      -0.95449672688739107     
   9.2400000000000002      -0.95430123237509268     
   9.2599999999999998      -0.95411538580477306     
   9.2799999999999994      -0.95393951370866348     
   9.3000000000000007      -0.95377392428412400     
   9.3200000000000003      -0.95361890676864935     
   9.3399999999999999      -0.95347473085340717     
   9.3599999999999994      -0.95334164613647077     
   9.3800000000000008      -0.95321988161679116     
   9.4000000000000004      -0.95310964522988273     
   9.4199999999999999      -0.95301112342609962     
   9.4399999999999995      -0.95292448079229819     
   9.4600000000000009      -0.95284985971758052     
   9.4800000000000004      -0.95278738010372044     
   9.5000000000000000      -0.95273713912079083     
   9.5199999999999996      -0.95269921100840638     
   9.5400000000000009      -0.95267364692289525     
   9.5600000000000005      -0.95266047483064220     
   9.5800000000000001      -0.95265969944771323     
   9.5999999999999996      -0.95267130222581997     
   9.6200000000000010      -0.95269524138454043     
   9.6400000000000006      -0.95273145198966058     
   9.6600000000000001      -0.95277984607737776     
   9.6799999999999997      -0.95284031282402426     
   9.7000000000000011      -0.95291271876088723     
   9.7200000000000006      -0.95299690803358572     
   9.7400000000000002      -0.95309270270540469     
   9.7599999999999998      -0.95319990310387803     
   9.7799999999999994      -0.95331828820982978     
   9.8000000000000007      -0.95344761608801598     
   9.8200000000000003      -0.95358762435839761     
   9.8399999999999999      -0.95373803070702490     
   9.8599999999999994      -0.95389853343541597     
   9.8800000000000008      -0.95406881204725047     
   9.9000000000000004      -0.95424852787112047     
   9.9199999999999999      -0.95443732471801312     
   9.9399999999999995      -0.95463482957213697     
   9.9600000000000009      -0.95484065331363577     
   9.9800000000000004      -0.95505439147167703     
   10.000000000000000      -0.95527562500635499     
   10.020000000000000      -0.95550392111776339     
   10.040000000000001      -0.95573883408059523     
   10.060000000000000      -0.95597990610252759     
   10.080000000000000      -0.95622666820464819     
   10.100000000000000      -0.95647864112211800     
   10.120000000000001      -0.95673533622323448     
   10.140000000000001      -0.95699625644504760     
   10.160000000000000      -0.95726089724361374     
   10.180000000000000      -0.95752874755699957     
   10.200000000000001      -0.95779929077908510     
   10.220000000000001      -0.95807200574223106     
   10.240000000000000      -0.95834636770684178     
   10.260000000000000      -0.95862184935586647     
   10.279999999999999      -0.95889792179227040     
   10.300000000000001      -0.95917405553749602     
   10.320000000000000      -0.95944972152897146     
   10.340000000000000      -0.95972439211468963     
   10.359999999999999      -0.95999754204293808     
   10.380000000000001      -0.96026864944523560     
   10.400000000000000      -0.96053719681057959     
   10.420000000000000      -0.96080267194912716     
   10.440000000000000      -0.96106456894344139     
   10.460000000000001      -0.96132238908549850     
   10.480000000000000      -0.96157564179764932     
   10.500000000000000      -0.96182384553580258     
   10.520000000000000      -0.96206652867310782     
   10.540000000000001      -0.96230323036247811     
   10.560000000000000      -0.96253350137634053     
   10.580000000000000      -0.96275690492204413     
   10.600000000000000      -0.96297301743141228     
   10.620000000000001      -0.96318142932298745     
   10.640000000000001      -0.96338174573557045     
   10.660000000000000      -0.96357358723171871     
   10.680000000000000      -0.96375659046993478     
   10.700000000000001      -0.96393040884433467     
   10.720000000000001      -0.96409471309066985     
   10.740000000000000      -0.96424919185762548     
   10.760000000000000      -0.96439355224241119     
   10.779999999999999      -0.96452752028971844     
   10.800000000000001      -0.96465084145320357     
   10.820000000000000      -0.96476328101872189     
   10.840000000000000      -0.96486462448863808     
   10.859999999999999      -0.96495467792658385     
   10.880000000000001      -0.96503326826214519     
   10.900000000000000      -0.96510024355502444     
   10.920000000000000      -0.96515547321830852     
   10.940000000000000      -0.96519884820055324     
   10.960000000000001      -0.96523028112648701     
   10.980000000000000      -0.96524970639619523     
   11.000000000000000      -0.96525708024276224     
   11.020000000000000      -0.96525238074839215     
   11.040000000000001      -0.96523560781914175     
   11.060000000000000      -0.96520678311846420     
   11.080000000000000      -0.96516594995983851     
   11.100000000000000      -0.96511317315885514     
   11.120000000000001      -0.96504853884518704     
   11.140000000000001      -0.96497215423496296     
   11.160000000000000      -0.96488414736414030     
   11.180000000000000      -0.96478466678352692     
   11.200000000000001      -0.96467388121620501     
   11.220000000000001      -0.96455197917815061     
   11.240000000000000      -0.96441916856293031     
   11.260000000000000      -0.96427567619141497     
   11.279999999999999      -0.96412174732752098     
   11.300000000000001      -0.96395764516104232     
   11.320000000000000      -0.96378365025870094     
   11.340000000000000      -0.96360005998461062     
   11.359999999999999      -0.96340718789138335     
   11.380000000000001      -0.96320536308317894     
   11.400000000000000      -0.96299492955203081     
   11.420000000000000      -0.96277624548884977     
   11.440000000000000      -0.96254968257051909     
   11.460000000000001      -0.96231562522457081     
   11.480000000000000      -0.96207446987293976     
   11.500000000000000      -0.96182662415634113     
   11.520000000000000      -0.96157250614085266     
   11.540000000000001      -0.96131254350829209     
   11.560000000000000      -0.96104717273202445     
   11.580000000000000      -0.96077683823984528     
   11.600000000000000      -0.96050199156560101     
   11.620000000000001      -0.96022309049122645     
   11.640000000000001      -0.95994059818089505     
   11.660000000000000      -0.95965498230897150     
   11.680000000000000      -0.95936671418347452     
   11.700000000000001      -0.95907626786674494     
   11.720000000000001      -0.95878411929503127     
   11.740000000000000      -0.95849074539867207     
   11.760000000000000      -0.95819662322456900     
   11.779999999999999      -0.95790222906261824     
   11.800000000000001      -0.95760803757775681     
   11.820000000000000      -0.95731452094926239     
   11.840000000000000      -0.95702214801891483     
   11.859999999999999      -0.95673138344962050     
   11.880000000000001      -0.95644268689604228     
   11.900000000000000      -0.95615651218878372     
   11.920000000000000      -0.95587330653360869     
   11.940000000000000      -0.95559350972716040     
   11.960000000000001      -0.95531755339059732     
   11.980000000000000      -0.95504586022252258     
   12.000000000000000      -0.95477884327253792     
   12.020000000000000      -0.95451690523670707     
   12.040000000000001      -0.95426043777615865     
   12.060000000000000      -0.95400982086002284     
   12.080000000000000      -0.95376542213381521     
   12.100000000000000      -0.95352759631435935     
   12.120000000000001      -0.95329668461224304     
   12.140000000000001      -0.95307301418278834     
   12.160000000000000      -0.95285689760641290     
   12.180000000000000      -0.95264863239922504     
   12.200000000000001      -0.95244850055461916     
   12.220000000000001      -0.95225676811658300     
   12.240000000000000      -0.95207368478534626     
   12.260000000000000      -0.95189948355595633     
   12.280000000000001      -0.95173438039027403     
   12.300000000000001      -0.95157857392283485     
   12.320000000000000      -0.95143224520094427     
   12.340000000000000      -0.95129555745930539     
   12.359999999999999      -0.95116865592940880     
   12.380000000000001      -0.95105166768385008     
   12.400000000000000      -0.95094470151566735     
   12.420000000000000      -0.95084784785271859     
   12.440000000000000      -0.95076117870706323     
   12.460000000000001      -0.95068474765922573     
   12.480000000000000      -0.95061858987716974     
   12.500000000000000      -0.95056272216973214     
   12.520000000000000      -0.95051714307420632     
   12.540000000000001      -0.95048183297769995     
   12.560000000000000      -0.95045675427182430     
   12.580000000000000      -0.95044185154021255     
   12.600000000000000      -0.95043705177831161     
   12.620000000000001      -0.95044226464480919     
   12.640000000000001      -0.95045738274403180     
   12.660000000000000      -0.95048228193856965     
   12.680000000000000      -0.95051682169133289     
   12.700000000000001      -0.95056084543620567     
   12.720000000000001      -0.95061418097639538     
   12.740000000000000      -0.95067664090954229     
   12.760000000000000      -0.95074802307859141     
   12.780000000000001      -0.95082811104740461     
   12.800000000000001      -0.95091667460003104     
   12.820000000000000      -0.95101347026252703     
   12.840000000000000      -0.95111824184617078     
   12.859999999999999      -0.95123072101089290     
   12.880000000000001      -0.95135062784770086     
   12.900000000000000      -0.95147767147885665     
   12.920000000000000      -0.95161155067452985     
   12.940000000000000      -0.95175195448463856     
   12.960000000000001      -0.95189856288455155     
   12.980000000000000      -0.95205104743332414     
   13.000000000000000      -0.95220907194311066     
   13.020000000000000      -0.95237229315839689     
   13.040000000000001      -0.95254036144367116     
   13.060000000000000      -0.95271292147815534     
   13.080000000000000      -0.95288961295621188     
   13.100000000000000      -0.95307007129203858     
   13.120000000000001      -0.95325392832726108     
   13.140000000000001      -0.95344081304004469     
   13.160000000000000      -0.95363035225434656     
   13.180000000000000      -0.95382217134794200     
   13.200000000000001      -0.95401589495786465     
   13.220000000000001      -0.95421114768192905     
   13.240000000000000      -0.95440755477500061     
   13.260000000000000      -0.95460474283871244     
   13.280000000000001      -0.95480234050334745     
   13.300000000000001      -0.95499997910062284     
   13.320000000000000      -0.95519729332614711     
   13.340000000000000      -0.95539392189034422     
   13.359999999999999      -0.95558950815667310     
   13.380000000000001      -0.95578370076600438     
   13.400000000000000      -0.95597615424604421     
   13.420000000000000      -0.95616652960474535     
   13.440000000000000      -0.95635449490667135     
   13.460000000000001      -0.95653972583132796     
   13.480000000000000      -0.95672190621251574     
   13.500000000000000      -0.95690072855780617     
   13.520000000000000      -0.95707589454727771     
   13.540000000000001      -0.95724711551070762     
   13.560000000000000      -0.95741411288246447     
   13.580000000000000      -0.95757661863337296     
   13.600000000000000      -0.95773437567890818     
   13.620000000000001      -0.95788713826309779     
   13.640000000000001      -0.95803467231757589     
   13.660000000000000      -0.95817675579529227     
   13.680000000000000      -0.95831317897841028     
   13.700000000000001      -0.95844374476001382     
   13.720000000000001      -0.95856826889926672     
   13.740000000000000      -0.95868658024974351     
   13.760000000000000      -0.95879852096070051     
   13.780000000000001      -0.95890394665110357     
   13.800000000000001      -0.95900272655629637     
   13.820000000000000      -0.95909474364723712     
   13.840000000000000      -0.95917989472229270     
   13.859999999999999      -0.95925809047163346     
   13.880000000000001      -0.95932925551432036     
   13.900000000000000      -0.95939332840823488     
   13.920000000000000      -0.95945026163305691     
   13.940000000000000      -0.95950002154653335     
   13.960000000000001      -0.95954258831435502     
   13.980000000000000      -0.95957795581398631     
   14.000000000000000      -0.95960613151285279     
   14.020000000000000      -0.95962713632134078     
   14.040000000000001      -0.95964100442110156     
   14.060000000000000      -0.95964778306921095     
   14.080000000000000      -0.95964753237875644     
   14.100000000000000      -0.95964032507649810     
   14.120000000000001      -0.95962624623825943     
   14.140000000000001      -0.95960539300276415     
   14.160000000000000      -0.95957787426465968     
   14.180000000000000      -0.95954381034751557     
   14.200000000000001      -0.95950333265760490     
   14.220000000000001      -0.95945658331932382     
   14.240000000000000      -0.95940371479311937     
   14.260000000000000      -0.95934488947683527     
   14.280000000000001      -0.95928027929140769     
   14.300000000000001      -0.95921006525186325     
   14.320000000000000      -0.95913443702459711     
   14.340000000000000      -0.95905359247193100     
   14.359999999999999      -0.95896773718495976     
   14.380000000000001      -0.95887708400572158     
   14.400000000000000      -0.95878185253973014     
   14.420000000000000      -0.95868226865992501     
   14.440000000000000      -0.95857856400310193     
   14.460000000000001      -0.95847097545989035     
   14.480000000000000      -0.95835974465935347     
   14.500000000000000      -0.95824511744928287     
   14.520000000000000      -0.95812734337326488     
   14.540000000000001      -0.95800667514559334     
   14.560000000000000      -0.95788336812508956     
   14.580000000000000      -0.95775767978889925     
   14.600000000000000      -0.95762986920731474     
   14.620000000000001      -0.95750019652066365     
   14.640000000000001      -0.95736892241929594     
   14.660000000000000      -0.95723630762768441     
   14.680000000000000      -0.95710261239362970     
   14.700000000000001      -0.95696809598355403     
   14.720000000000001      -0.95683301618484640     
   14.740000000000000      -0.95669762881618359     
   14.760000000000000      -0.95656218724674358     
   14.780000000000001      -0.95642694192520428     
   14.800000000000001      -0.95629213991937945     
   14.820000000000000      -0.95615802446731735     
   14.840000000000000      -0.95602483454067611     
   14.859999999999999      -0.95589280442112301     
   14.880000000000001      -0.95576216329051766     
   14.900000000000000      -0.95563313483555179     
   14.920000000000000      -0.95550593686753282     
   14.940000000000000      -0.95538078095792589     
   14.960000000000001      -0.95525787209025315     
   14.980000000000000      -0.95513740832889515     
   15.000000000000000      -0.95501958050531333     
   15.020000000000000      -0.95490457192216194     
   15.040000000000001      -0.95479255807572483     
   15.060000000000000      -0.95468370639706679     
   15.080000000000000      -0.95457817601224382     
   15.100000000000000      -0.95447611752188943     
   15.120000000000001      -0.95437767280043251     
   15.140000000000001      -0.95428297481516866     
   15.160000000000000      -0.95419214746537451     
   15.180000000000000      -0.95410530544158889     
   15.200000000000001      -0.95402255410515879     
   15.220000000000001      -0.95394398938810887     
   15.240000000000000      -0.95386969771333130     
   15.260000000000000      -0.95379975593507182     
   15.280000000000001      -0.95373423129963331     
   15.300000000000001      -0.95367318142618607     
   15.320000000000000      -0.95361665430751941     
   15.340000000000000      -0.95356468833055075     
   15.359999999999999      -0.95351731231634884     
   15.380000000000001      -0.95347454557940137     
   15.400000000000000      -0.95343639800581337     
   15.420000000000000      -0.95340287015009939     
   15.440000000000000      -0.95337395335016473     
   15.460000000000001      -0.95334962986009375     
   15.480000000000000      -0.95332987300025740     
   15.500000000000000      -0.95331464732428717     
   15.520000000000000      -0.95330390880238780     
   15.540000000000001      -0.95329760502045280     
   15.560000000000000      -0.95329567539440907     
   15.580000000000000      -0.95329805139919810     
   15.600000000000000      -0.95330465681176857     
   15.620000000000001      -0.95331540796743797     
   15.640000000000001      -0.95333021402895179     
   15.660000000000000      -0.95334897726756118     
   15.680000000000000      -0.95337159335539567     
   15.700000000000001      -0.95339795166842611     
   15.720000000000001      -0.95342793559926653     
   15.740000000000000      -0.95346142287906088     
   15.760000000000000      -0.95349828590769470     
   15.780000000000001      -0.95353839209154923     
   15.800000000000001      -0.95358160418801696     
   15.820000000000000      -0.95362778065598341     
   15.840000000000000      -0.95367677601147560     
   15.860000000000001      -0.95372844118768008     
   15.880000000000001      -0.95378262389852320     
   15.900000000000000      -0.95383916900500776     
   15.920000000000000      -0.95389791888350850     
   15.940000000000000      -0.95395871379522368     
   15.960000000000001      -0.95402139225598470     
   15.980000000000000      -0.95408579140564087     
   16.000000000000000      -0.95415174737623532     
   16.020000000000000      -0.95421909565819707     
   16.039999999999999      -0.95428767146379845     
   16.059999999999999      -0.95435731008711921     
   16.080000000000002      -0.95442784725979180     
   16.100000000000001      -0.95449911950180200     
   16.120000000000001      -0.95457096446665224     
   16.140000000000001      -0.95464322128019485     
   16.160000000000000      -0.95471573087247719     
   16.180000000000000      -0.95478833630195403     
   16.199999999999999      -0.95486088307144423     
   16.219999999999999      -0.95493321943523624     
   16.240000000000002      -0.95500519669675921     
   16.260000000000002      -0.95507666949629022     
   16.280000000000001      -0.95514749608814653     
   16.300000000000001      -0.95521753860689096     
   16.320000000000000      -0.95528666332206991     
   16.340000000000000      -0.95535474088104433     
   16.359999999999999      -0.95542164653950878     
   16.379999999999999      -0.95548726037930776     
   16.399999999999999      -0.95555146751321152     
   16.420000000000002      -0.95561415827632290     
   16.440000000000001      -0.95567522840382835     
   16.460000000000001      -0.95573457919483895     
   16.480000000000000      -0.95579211766209826     
   16.500000000000000      -0.95584775666736266     
   16.520000000000000      -0.95590141504229242     
   16.539999999999999      -0.95595301769473351     
   16.559999999999999      -0.95600249570028883     
   16.580000000000002      -0.95604978637912230     
   16.600000000000001      -0.95609483335796053     
   16.620000000000001      -0.95613758661730031     
   16.640000000000001      -0.95617800252385121     
   16.660000000000000      -0.95621604384828596     
   16.680000000000000      -0.95625167976838976     
   16.699999999999999      -0.95628488585773597     
   16.719999999999999      -0.95631564406005642     
   16.740000000000002      -0.95634394264948286     
   16.760000000000002      -0.95636977617688024     
   16.780000000000001      -0.95639314540252585     
   16.800000000000001      -0.95641405721539141     
   16.820000000000000      -0.95643252453934269     
   16.840000000000000      -0.95644856622657604     
   16.859999999999999      -0.95646220693864614     
   16.879999999999999      -0.95647347701545404     
   16.899999999999999      -0.95648241233260389     
   16.920000000000002      -0.95648905414754104     
   16.940000000000001      -0.95649344893491672     
   16.960000000000001      -0.95649564821164323     
   16.980000000000000      -0.95649570835211395     
   17.000000000000000      -0.95649369039409715     
   17.020000000000000      -0.95648965983580536     
   17.039999999999999      -0.95648368642468273     
   17.059999999999999      -0.95647584393844742     
   17.080000000000002      -0.95646620995895015     
   17.100000000000001      -0.95645486563941018     
   17.120000000000001      -0.95644189546561909     
   17.140000000000001      -0.95642738701168817     
   17.160000000000000      -0.95641143069094192     
   17.180000000000000      -0.95639411950255560     
   17.199999999999999      -0.95637554877453934     
   17.219999999999999      -0.95635581590368779     
   17.240000000000002      -0.95633502009309601     
   17.260000000000002      -0.95631326208786027     
   17.280000000000001      -0.95629064390957264     
   17.300000000000001      -0.95626726859021982     
   17.320000000000000      -0.95624323990609217     
   17.340000000000000      -0.95621866211230666     
   17.359999999999999      -0.95619363967853843     
   17.379999999999999      -0.95616827702654850     
   17.400000000000002      -0.95614267827009347     
   17.420000000000002      -0.95611694695778371     
   17.440000000000001      -0.95609118581945274     
   17.460000000000001      -0.95606549651658912     
   17.480000000000000      -0.95603997939736274     
   17.500000000000000      -0.95601473325677200     
   17.520000000000000      -0.95598985510241430     
   17.539999999999999      -0.95596543992637761     
   17.559999999999999      -0.95594158048371747     
   17.580000000000002      -0.95591836707798739     
   17.600000000000001      -0.95589588735425146     
   17.620000000000001      -0.95587422609999761     
   17.640000000000001      -0.95585346505435564     
   17.660000000000000      -0.95583368272598568     
   17.680000000000000      -0.95581495422000406     
   17.699999999999999      -0.95579735107426522     
   17.719999999999999      -0.95578094110531975     
   17.740000000000002      -0.95576578826432601     
   17.760000000000002      -0.95575195250318457     
   17.780000000000001      -0.95573948965112210     
   17.800000000000001      -0.95572845130194617     
   17.820000000000000      -0.95571888471215227     
   17.840000000000000      -0.95571083271004853     
   17.859999999999999      -0.95570433361602780     
   17.879999999999999      -0.95569942117410611     
   17.900000000000002      -0.95569612449480568     
   17.920000000000002      -0.95569446800943925     
   17.940000000000001      -0.95569447143583708     
   17.960000000000001      -0.95569614975551986     
   17.980000000000000      -0.95569951320228830     
   18.000000000000000      -0.95570456726220887     
   18.020000000000000      -0.95571131268490306     
   18.039999999999999      -0.95571974550606331     
   18.059999999999999      -0.95572985708106573     
   18.080000000000002      -0.95574163412954782     
   18.100000000000001      -0.95575505879077771     
   18.120000000000001      -0.95577010868962953     
   18.140000000000001      -0.95578675701295224     
   18.160000000000000      -0.95580497259609998     
   18.180000000000000      -0.95582472001937024     
   18.199999999999999      -0.95584595971406949     
   18.219999999999999      -0.95586864807791694     
   18.240000000000002      -0.95589273759947035     
   18.260000000000002      -0.95591817699123982     
   18.280000000000001      -0.95594491133114190     
   18.300000000000001      -0.95597288221192445     
   18.320000000000000      -0.95600202789818289     
   18.340000000000000      -0.95603228349056835     
   18.359999999999999      -0.95606358109677791     
   18.379999999999999      -0.95609585000890118     
   18.400000000000002      -0.95612901688669050     
   18.420000000000002      -0.95616300594630599     
   18.440000000000001      -0.95619773915407369     
   18.460000000000001      -0.95623313642480667     
   18.480000000000000      -0.95626911582419660     
   18.500000000000000      -0.95630559377481050     
   18.520000000000000      -0.95634248526520205     
   18.539999999999999      -0.95637970406164730     
   18.559999999999999      -0.95641716292201207     
   18.580000000000002      -0.95645477381125832     
   18.600000000000001      -0.95649244811808820     
   18.620000000000001      -0.95653009687223445     
   18.640000000000001      -0.95656763096189690     
   18.660000000000000      -0.95660496135083417     
   18.680000000000000      -0.95664199929461802     
   18.699999999999999      -0.95667865655556850     
   18.719999999999999      -0.95671484561588260     
   18.740000000000002      -0.95675047988848783     
   18.760000000000002      -0.95678547392514468     
   18.780000000000001      -0.95681974362135014     
   18.800000000000001      -0.95685320641758431     
   18.820000000000000      -0.95688578149645676     
   18.840000000000000      -0.95691738997533615     
   18.859999999999999      -0.95694795509403263     
   18.879999999999999      -0.95697740239713536     
   18.900000000000002      -0.95700565991061493     
   18.920000000000002      -0.95703265831231144     
   18.940000000000001      -0.95705833109594529     
   18.960000000000001      -0.95708261472831180     
   18.980000000000000      -0.95710544879932280     
   19.000000000000000      -0.95712677616458630     
   19.020000000000000      -0.95714654308023173     
   19.039999999999999      -0.95716469932970272     
   19.059999999999999      -0.95718119834225757     
   19.080000000000002      -0.95719599730294413     
   19.100000000000001      -0.95720905725382699     
   19.120000000000001      -0.95722034318627025     
   19.140000000000001      -0.95722982412409685     
   19.160000000000000      -0.95723747319746921     
   19.180000000000000      -0.95724326770734747     
   19.199999999999999      -0.95724718918042329     
   19.219999999999999      -0.95724922341441832     
   19.240000000000002      -0.95724936051369025     
   19.260000000000002      -0.95724759491508460     
   19.280000000000001      -0.95724392540400582     
   19.300000000000001      -0.95723835512070066     
   19.320000000000000      -0.95723089155676344     
   19.340000000000000      -0.95722154654189984     
   19.359999999999999      -0.95721033622100460     
   19.379999999999999      -0.95719728102162438     
   19.400000000000002      -0.95718240561190970     
   19.420000000000002      -0.95716573884916922     
   19.440000000000001      -0.95714731371915762     
   19.460000000000001      -0.95712716726626557     
   19.480000000000000      -0.95710534051477725     
   19.500000000000000      -0.95708187838139125     
   19.520000000000000      -0.95705682957922311     
   19.539999999999999      -0.95703024651351654     
   19.559999999999999      -0.95700218516930091     
   19.580000000000002      -0.95697270499128018     
   19.600000000000001      -0.95694186875621035     
   19.620000000000001      -0.95690974243807725     
   19.640000000000001      -0.95687639506637312     
   19.660000000000000      -0.95684189857780255     
   19.680000000000000      -0.95680632766174922     
   19.699999999999999      -0.95676975959985522     
   19.719999999999999      -0.95673227410007178     
   19.740000000000002      -0.95669395312555117     
   19.760000000000002      -0.95665488071876603     
   19.780000000000001      -0.95661514282123650     
   19.800000000000001      -0.95657482708927166     
   19.820000000000000      -0.95653402270612664     
   19.840000000000000      -0.95649282019098769     
   19.859999999999999      -0.95645131120520066     
   19.879999999999999      -0.95640958835616885     
   19.900000000000002      -0.95636774499934063     
   19.920000000000002      -0.95632587503871758     
   19.940000000000001      -0.95628407272631333     
   19.960000000000001      -0.95624243246099228     
   19.980000000000000      -0.95620104858712285     
   20.000000000000000      -0.95616001519346638     
   20.020000000000000      -0.95611942591274390     
   20.039999999999999      -0.95607937372229190     
   20.059999999999999      -0.95603995074623715     
   20.080000000000002      -0.95600124805960884     
   20.100000000000001      -0.95596335549479161     
   20.120000000000001      -0.95592636145073739     
   20.140000000000001      -0.95589035270532241     
   20.160000000000000      -0.95585541423125098     
   20.180000000000000      -0.95582162901587964     
   20.199999999999999      -0.95578907788534340     
   20.219999999999999      -0.95575783933333847     
   20.240000000000002      -0.95572798935491665     
   20.260000000000002      -0.95569960128563569     
   20.280000000000001      -0.95567274564638605     
   20.300000000000001      -0.95564748999421512     
   20.320000000000000      -0.95562389877944764     
   20.340000000000000      -0.95560203320939141     
   20.359999999999999      -0.95558195111890054     
   20.379999999999999      -0.95556370684805148     
   20.400000000000002      -0.95554735112717970     
   20.420000000000002      -0.95553293096949632     
   20.440000000000001      -0.95552048957150004     
   20.460000000000001      -0.95551006622136925     
   20.480000000000000      -0.95550169621552006     
   20.500000000000000      -0.95549541078347966     
   20.520000000000000      -0.95549123702121408     
   20.539999999999999      -0.95548919783304120     
   20.559999999999999      -0.95548931188222419     
   20.580000000000002      -0.95549159355033297     
   20.600000000000001      -0.95549605290544148     
   20.620000000000001      -0.95550269567920643     
   20.640000000000001      -0.95551152325286548     
   20.660000000000000      -0.95552253265214870     
   20.680000000000000      -0.95553571655111769     
   20.699999999999999      -0.95555106328488393     
   20.719999999999999      -0.95556855687118336     
   20.740000000000002      -0.95558817704072796     
   20.760000000000002      -0.95560989927626117     
   20.780000000000001      -0.95563369486021799     
   20.800000000000001      -0.95565953093087663     
   20.820000000000000      -0.95568737054686104     
   20.840000000000000      -0.95571717275985146     
   20.859999999999999      -0.95574889269533636     
   20.879999999999999      -0.95578248164121737     
   20.900000000000002      -0.95581788714407878     
   20.920000000000002      -0.95585505311289709     
   20.940000000000001      -0.95589391992997008     
   20.960000000000001      -0.95593442456882749     
   20.980000000000000      -0.95597650071885187     
   21.000000000000000      -0.95602007891636021     
   21.020000000000000      -0.95606508668185120     
   21.039999999999999      -0.95611144866313003     
   21.059999999999999      -0.95615908678401129     
   21.080000000000002      -0.95620792039827240     
   21.100000000000001      -0.95625786644855271     
   21.120000000000001      -0.95630883962984514     
   21.140000000000001      -0.95636075255725128     
   21.160000000000000      -0.95641351593764634     
   21.180000000000000      -0.95646703874489747     
   21.199999999999999      -0.95652122839827236     
   21.219999999999999      -0.95657599094367640     
   21.240000000000002      -0.95663123123733274     
   21.260000000000002      -0.95668685313154533     
   21.280000000000001      -0.95674275966215250     
   21.300000000000001      -0.95679885323729796     
   21.320000000000000      -0.95685503582712961     
   21.340000000000000      -0.95691120915405081     
   21.359999999999999      -0.95696727488313016     
   21.379999999999999      -0.95702313481229662     
   21.400000000000002      -0.95707869106193566     
   21.420000000000002      -0.95713384626350462     
   21.440000000000001      -0.95718850374679709     
   21.460000000000001      -0.95724256772548377     
   21.480000000000000      -0.95729594348056080     
   21.500000000000000      -0.95734853754134674     
   21.520000000000000      -0.95740025786367289     
   21.539999999999999      -0.95745101400491928     
   21.559999999999999      -0.95750071729555375     
   21.580000000000002      -0.95754928100684711     
   21.600000000000001      -0.95759662051442906     
   21.620000000000001      -0.95764265345738786     
   21.640000000000001      -0.95768729989259604     
   21.660000000000000      -0.95773048244397219     
   21.680000000000000      -0.95777212644640386     
   21.699999999999999      -0.95781216008404702     
   21.719999999999999      -0.95785051452275938     
   21.740000000000002      -0.95788712403641196     
   21.760000000000002      -0.95792192612684890     
   21.780000000000001      -0.95795486163728039     
   21.800000000000001      -0.95798587485889652     
   21.820000000000000      -0.95801491363051960     
   21.840000000000000      -0.95804192943111521     
   21.859999999999999      -0.95806687746499919     
   21.879999999999999      -0.95808971673959709     
   21.900000000000002      -0.95811041013563147     
   21.920000000000002      -0.95812892446960696     
   21.940000000000001      -0.95814523054851120     
   21.960000000000001      -0.95815930321663956     
   21.980000000000000      -0.95817112139447724     
   22.000000000000000      -0.95818066810959146     
   22.020000000000000      -0.95818793051949525     
   22.039999999999999      -0.95819289992646650     
   22.059999999999999      -0.95819557178432058     
   22.080000000000002      -0.95819594569714583     
   22.100000000000001      -0.95819402541004073     
   22.120000000000001      -0.95818981879188447     
   22.140000000000001      -0.95818333781021603     
   22.160000000000000      -0.95817459849829012     
   22.180000000000000      -0.95816362091440022     
   22.199999999999999      -0.95815042909358550     
   22.219999999999999      -0.95813505099183160     
   22.240000000000002      -0.95811751842290949     
   22.260000000000002      -0.95809786698799682     
   22.280000000000001      -0.95807613599825059     
   22.300000000000001      -0.95805236839050323     
   22.320000000000000      -0.95802661063628014     
   22.340000000000000      -0.95799891264432846     
   22.359999999999999      -0.95796932765688458     
   22.379999999999999      -0.95793791213990009     
   22.400000000000002      -0.95790472566746265     
   22.420000000000002      -0.95786983080066279     
   22.440000000000001      -0.95783329296116215     
   22.460000000000001      -0.95779518029972999     
   22.480000000000000      -0.95775556356002800     
   22.500000000000000      -0.95771451593791856     
   22.520000000000000      -0.95767211293659849     
   22.539999999999999      -0.95762843221785199     
   22.559999999999999      -0.95758355344972568     
   22.580000000000002      -0.95753755815094421     
   22.600000000000001      -0.95749052953237324     
   22.620000000000001      -0.95744255233585851     
   22.640000000000001      -0.95739371267076134     
   22.660000000000000      -0.95734409784851593     
   22.680000000000000      -0.95729379621554367     
   22.699999999999999      -0.95724289698485410     
   22.719999999999999      -0.95719149006666138     
   22.740000000000002      -0.95713966589835719     
   22.760000000000002      -0.95708751527416547     
   22.780000000000001      -0.95703512917481648     
   22.800000000000001      -0.95698259859756818     
   22.820000000000000      -0.95693001438690461     
   22.840000000000000      -0.95687746706623900     
   22.859999999999999      -0.95682504667093449     
   22.879999999999999      -0.95677284258297379     
   22.900000000000002      -0.95672094336758462     
   22.920000000000002      -0.95666943661212467     
   22.940000000000001      -0.95661840876753534     
   22.960000000000001      -0.95656794499265851     
   22.980000000000000      -0.95651812900170108     
   23.000000000000000      -0.95646904291513335     
   23.020000000000000      -0.95642076711429014     
   23.039999999999999      -0.95637338009994299     
   23.059999999999999      -0.95632695835509418     
   23.080000000000002      -0.95628157621224330     
   23.100000000000001      -0.95623730572535859     
   23.120000000000001      -0.95619421654677939     
   23.140000000000001      -0.95615237580926471     
   23.160000000000000      -0.95611184801339366     
   23.180000000000000      -0.95607269492050040     
   23.199999999999999      -0.95603497545134053     
   23.219999999999999      -0.95599874559063847     
   23.240000000000002      -0.95596405829768250     
   23.260000000000002      -0.95593096342310979     
   23.280000000000001      -0.95589950763200604     
   23.300000000000001      -0.95586973433344025     
   23.320000000000000      -0.95584168361654209     
   23.340000000000000      -0.95581539219319833     
   23.359999999999999      -0.95579089334746814     
   23.379999999999999      -0.95576821689175540     
   23.400000000000002      -0.95574738912980595     
   23.420000000000002      -0.95572843282655739     
   23.440000000000001      -0.95571136718486616     
   23.460000000000001      -0.95569620782912068     
   23.480000000000000      -0.95568296679573317     
   23.500000000000000      -0.95567165253049524     
   23.520000000000000      -0.95566226989276903     
   23.539999999999999      -0.95565482016645498     
   23.559999999999999      -0.95564930107769430     
   23.580000000000002      -0.95564570681923000     
   23.600000000000001      -0.95564402808133320     
   23.620000000000001      -0.95564425208921766     
   23.640000000000001      -0.95564636264681524     
   23.660000000000000      -0.95565034018680728     
   23.680000000000000      -0.95565616182676960     
   23.699999999999999      -0.95566380143129259     
   23.719999999999999      -0.95567322967992563     
   23.740000000000002      -0.95568441414077665     
   23.760000000000002      -0.95569731934959046     
   23.780000000000001      -0.95571190689413110     
   23.800000000000001      -0.95572813550366353     
   23.820000000000000      -0.95574596114333832     
   23.840000000000000      -0.95576533711326750     
   23.859999999999999      -0.95578621415207199     
   23.879999999999999      -0.95580854054467024     
   23.900000000000002      -0.95583226223408491     
   23.920000000000002      -0.95585732293701586     
   23.940000000000001      -0.95588366426293925     
   23.960000000000001      -0.95591122583648080     
   23.980000000000000      -0.95593994542280925     
   24.000000000000000      -0.95596975905577852     
   24.020000000000000      -0.95600060116857222     
   24.039999999999999      -0.95603240472656137     
   24.060000000000002      -0.95606510136212219     
   24.080000000000002      -0.95609862151113267     
   24.100000000000001      -0.95613289455086914     
   24.120000000000001      -0.95616784893904128     
   24.140000000000001      -0.95620341235367112     
   24.160000000000000      -0.95623951183355871     
   24.180000000000000      -0.95627607391903868     
   24.199999999999999      -0.95631302479277469     
   24.219999999999999      -0.95635029042029718     
   24.240000000000002      -0.95638779669003282     
   24.260000000000002      -0.95642546955254515     
   24.280000000000001      -0.95646323515872433     
   24.300000000000001      -0.95650101999667070     
   24.320000000000000      -0.95653875102700747     
   24.340000000000000      -0.95657635581637335     
   24.359999999999999      -0.95661376266885090     
   24.379999999999999      -0.95665090075508452     
   24.400000000000002      -0.95668770023885918     
   24.420000000000002      -0.95672409240090017     
   24.440000000000001      -0.95676000975968767     
   24.460000000000001      -0.95679538618905835     
   24.480000000000000      -0.95683015703239005     
   24.500000000000000      -0.95686425921317952     
   24.520000000000000      -0.95689763134181072     
   24.539999999999999      -0.95693021381833931     
   24.560000000000002      -0.95696194893111985     
   24.580000000000002      -0.95699278095111384     
   24.600000000000001      -0.95702265622171834     
   24.620000000000001      -0.95705152324398102     
   24.640000000000001      -0.95707933275706181     
   24.660000000000000      -0.95710603781381609     
   24.680000000000000      -0.95713159385139690     
   24.699999999999999      -0.95715595875676018     
   24.719999999999999      -0.95717909292698944     
   24.740000000000002      -0.95720095932435800     
   24.760000000000002      -0.95722152352605838     
   24.780000000000001      -0.95724075376854001     
   24.800000000000001      -0.95725862098640957     
   24.820000000000000      -0.95727509884584827     
   24.840000000000000      -0.95729016377253662     
   24.859999999999999      -0.95730379497405615     
   24.879999999999999      -0.95731597445677197     
   24.900000000000002      -0.95732668703720902     
   24.920000000000002      -0.95733592034792103     
   24.940000000000001      -0.95734366483790856     
   24.960000000000001      -0.95734991376760004     
   24.980000000000000      -0.95735466319846174     
   25.000000000000000      -0.95735791197729192     
   25.020000000000000      -0.95735966171526643     
   25.039999999999999      -0.95735991676182342     
   25.060000000000002      -0.95735868417347070     
   25.080000000000002      -0.95735597367761605     
   25.100000000000001      -0.95735179763153078     
   25.120000000000001      -0.95734617097656627     
   25.140000000000001      -0.95733911118774262     
   25.160000000000000      -0.95733063821884801     
   25.180000000000000      -0.95732077444319152     
   25.199999999999999      -0.95730954459015916     
   25.219999999999999      -0.95729697567772387     
   25.240000000000002      -0.95728309694108349     
   25.260000000000002      -0.95726793975758928     
   25.280000000000001      -0.95725153756814674     
   25.300000000000001      -0.95723392579526301     
   25.320000000000000      -0.95721514175794065     
   25.340000000000000      -0.95719522458359618     
   25.359999999999999      -0.95717421511721423     
   25.379999999999999      -0.95715215582792490     
   25.400000000000002      -0.95712909071322105     
   25.420000000000002      -0.95710506520101557     
   25.440000000000001      -0.95708012604974901     
   25.460000000000001      -0.95705432124676459     
   25.480000000000000      -0.95702769990516634     
   25.500000000000000      -0.95700031215936798     
   25.520000000000000      -0.95697220905955838     
   25.539999999999999      -0.95694344246529850     
   25.560000000000002      -0.95691406493846443     
   25.580000000000002      -0.95688412963575886     
   25.600000000000001      -0.95685369020100364     
   25.620000000000001      -0.95682280065743108     
   25.640000000000001      -0.95679151530018525     
   25.660000000000000      -0.95675988858924899     
   25.680000000000000      -0.95672797504300255     
   25.699999999999999      -0.95669582913261442     
   25.719999999999999      -0.95666350517748855     
   25.740000000000002      -0.95663105724193431     
   25.760000000000002      -0.95659853903328629     
   25.780000000000001      -0.95656600380164725     
   25.800000000000001      -0.95653350424143857     
   25.820000000000000      -0.95650109239495285     
   25.840000000000000      -0.95646881955807506     
   25.859999999999999      -0.95643673618833602     
   25.879999999999999      -0.95640489181548105     
   25.900000000000002      -0.95637333495468768     
   25.920000000000002      -0.95634211302260574     
   25.940000000000001      -0.95631127225634427     
   25.960000000000001      -0.95628085763555837     
   25.980000000000000      -0.95625091280775565     
   26.000000000000000      -0.95622148001694507     
   26.020000000000000      -0.95619260003574891     
   26.039999999999999      -0.95616431210107711     
   26.060000000000002      -0.95613665385346591     
   26.080000000000002      -0.95610966128016905     
   26.100000000000001      -0.95608336866208943     
   26.120000000000001      -0.95605780852461297     
   26.140000000000001      -0.95603301159242171     
   26.160000000000000      -0.95600900674833600     
   26.180000000000000      -0.95598582099623386     
   26.199999999999999      -0.95596347942808846     
   26.219999999999999      -0.95594200519515216     
   26.240000000000002      -0.95592141948331233     
   26.260000000000002      -0.95590174149262608     
   26.280000000000001      -0.95588298842104225     
   26.300000000000001      -0.95586517545231076     
   26.320000000000000      -0.95584831574805507     
   26.340000000000000      -0.95583242044399919     
   26.359999999999999      -0.95581749865031163     
   26.379999999999999      -0.95580355745603063     
   26.400000000000002      -0.95579060193753262     
   26.420000000000002      -0.95577863517097550     
   26.440000000000001      -0.95576765824867049     
   26.460000000000001      -0.95575767029930647     
   26.480000000000000      -0.95574866851195039     
   26.500000000000000      -0.95574064816374715     
   26.520000000000000      -0.95573360265122065     
   26.539999999999999      -0.95572752352508450     
   26.560000000000002      -0.95572240052846102     
   26.580000000000002      -0.95571822163839504     
   26.600000000000001      -0.95571497311054765     
   26.620000000000001      -0.95571263952695673     
   26.640000000000001      -0.95571120384672970     
   26.660000000000000      -0.95571064745953815     
   26.680000000000000      -0.95571095024179131     
   26.699999999999999      -0.95571209061532791     
   26.719999999999999      -0.95571404560850315     
   26.740000000000002      -0.95571679091950756     
   26.760000000000002      -0.95572030098177796     
   26.780000000000001      -0.95572454903133597     
   26.800000000000001      -0.95572950717591043     
   26.820000000000000      -0.95573514646566948     
   26.840000000000000      -0.95574143696541647     
   26.859999999999999      -0.95574834782807105     
   26.879999999999999      -0.95575584736929020     
   26.900000000000002      -0.95576390314304382     
   26.920000000000002      -0.95577248201799492     
   26.940000000000001      -0.95578155025451117     
   26.960000000000001      -0.95579107358214377     
   26.980000000000000      -0.95580101727740852     
   27.000000000000000      -0.95581134624170128     
   27.020000000000000      -0.95582202507919189     
   27.039999999999999      -0.95583301817452426     
   27.060000000000002      -0.95584428977017022     
   27.080000000000002      -0.95585580404327586     
   27.100000000000001      -0.95586752518184415     
   27.120000000000001      -0.95587941746010174     
   27.140000000000001      -0.95589144531289882     
   27.160000000000000      -0.95590357340899434     
   27.180000000000000      -0.95591576672308709     
   27.199999999999999      -0.95592799060644640     
   27.219999999999999      -0.95594021085601555     
   27.240000000000002      -0.95595239378184871     
   27.260000000000002      -0.95596450627275920     
   27.280000000000001      -0.95597651586005772     
   27.300000000000001      -0.95598839077926101     
   27.320000000000000      -0.95600010002966362     
   27.340000000000000      -0.95601161343166197     
   27.359999999999999      -0.95602290168173443     
   27.379999999999999      -0.95603393640498058     
   27.400000000000002      -0.95604469020513316     
   27.420000000000002      -0.95605513671195475     
   27.440000000000001      -0.95606525062594983     
   27.460000000000001      -0.95607500776032239     
   27.480000000000000      -0.95608438508009985     
   27.500000000000000      -0.95609336073839346     
   27.520000000000000      -0.95610191410971690     
   27.539999999999999      -0.95611002582033877     
   27.560000000000002      -0.95611767777562129     
   27.580000000000002      -0.95612485318431861     
   27.600000000000001      -0.95613153657980621     
   27.620000000000001      -0.95613771383823609     
   27.640000000000001      -0.95614337219358658     
   27.660000000000000      -0.95614850024962617     
   27.680000000000000      -0.95615308798877374     
   27.699999999999999      -0.95615712677788089     
   27.719999999999999      -0.95616060937094072     
   27.740000000000002      -0.95616352990874587     
   27.760000000000002      -0.95616588391553581     
   27.780000000000001      -0.95616766829265154     
   27.800000000000001      -0.95616888130925071     
   27.820000000000000      -0.95616952259012544     
   27.840000000000000      -0.95616959310067107     
   27.859999999999999      -0.95616909512907566     
   27.879999999999999      -0.95616803226577951     
   27.900000000000002      -0.95616640938028308     
   27.920000000000002      -0.95616423259537575     
   27.940000000000001      -0.95616150925886134     
   27.960000000000001      -0.95615824791286586     
   27.980000000000000      -0.95615445826081746     
   28.000000000000000      -0.95615015113218615     
   28.020000000000000      -0.95614533844508587     
   28.039999999999999      -0.95614003316683283     
   28.060000000000002      -0.95613424927257173     
   28.080000000000002      -0.95612800170206680     
   28.100000000000001      -0.95612130631477754     
   28.120000000000001      -0.95611417984332658     
   28.140000000000001      -0.95610663984547917     
   28.160000000000000      -0.95609870465474578     
   28.180000000000000      -0.95609039332973744     
   28.199999999999999      -0.95608172560238702     
   28.219999999999999      -0.95607272182516101     
   28.240000000000002      -0.95606340291739145     
   28.260000000000002      -0.95605379031084980     
   28.280000000000001      -0.95604390589468469     
   28.300000000000001      -0.95603377195985906     
   28.320000000000000      -0.95602341114320233     
   28.340000000000000      -0.95601284637121609     
   28.359999999999999      -0.95600210080374737     
   28.379999999999999      -0.95599119777766151     
   28.400000000000002      -0.95598016075064085     
   28.420000000000002      -0.95596901324522099     
   28.440000000000001      -0.95595777879320265     
   28.460000000000001      -0.95594648088054357     
   28.480000000000000      -0.95593514289285775     
   28.500000000000000      -0.95592378806163558     
   28.520000000000000      -0.95591243941129411     
   28.539999999999999      -0.95590111970717451     
   28.560000000000002      -0.95588985140458760     
   28.580000000000002      -0.95587865659901972     
   28.600000000000001      -0.95586755697759229     
   28.620000000000001      -0.95585657377187561     
   28.640000000000001      -0.95584572771215548     
   28.660000000000000      -0.95583503898323730     
   28.680000000000000      -0.95582452718187549     
   28.699999999999999      -0.95581421127590938     
   28.719999999999999      -0.95580410956518569     
   28.740000000000002      -0.95579423964434185     
   28.760000000000002      -0.95578461836751272     
   28.780000000000001      -0.95577526181502703     
   28.800000000000001      -0.95576618526216217     
   28.820000000000000      -0.95575740314999424     
   28.840000000000000      -0.95574892905840714     
   28.859999999999999      -0.95574077568129823     
   28.879999999999999      -0.95573295480402176     
   28.900000000000002      -0.95572547728310131     
   28.920000000000002      -0.95571835302824515     
   28.940000000000001      -0.95571159098667890     
   28.960000000000001      -0.95570519912982799     
   28.980000000000000      -0.95569918444234192     
   29.000000000000000      -0.95569355291349800     
   29.020000000000000      -0.95568830953094819     
   29.039999999999999      -0.95568345827684542     
   29.060000000000002      -0.95567900212631396     
   29.080000000000002      -0.95567494304826228     
   29.100000000000001      -0.95567128200851892     
   29.120000000000001      -0.95566801897526810     
   29.140000000000001      -0.95566515292675613     
   29.160000000000000      -0.95566268186123571     
   29.180000000000000      -0.95566060280911358     
   29.199999999999999      -0.95565891184725293     
   29.219999999999999      -0.95565760411539513     
   29.240000000000002      -0.95565667383463704     
   29.260000000000002      -0.95565611432791786     
   29.280000000000001      -0.95565591804245076     
   29.300000000000001      -0.95565607657404650     
   29.320000000000000      -0.95565658069324011     
   29.340000000000000      -0.95565742037318335     
   29.359999999999999      -0.95565858481919230     
   29.379999999999999      -0.95566006249990632     
   29.400000000000002      -0.95566184117995423     
   29.420000000000002      -0.95566390795405654     
   29.440000000000001      -0.95566624928247690     
   29.460000000000001      -0.95566885102773269     
   29.480000000000000      -0.95567169849247369     
   29.500000000000000      -0.95567477645844257     
   29.520000000000000      -0.95567806922641207     
   29.539999999999999      -0.95568156065701848     
   29.560000000000002      -0.95568523421237805     
   29.580000000000002      -0.95568907299840022     
   29.600000000000001      -0.95569305980769514     
   29.620000000000001      -0.95569717716296820     
   29.640000000000001      -0.95570140736081588     
   29.660000000000000      -0.95570573251580937     
   29.680000000000000      -0.95571013460476750     
   29.699999999999999      -0.95571459551112725     
   29.719999999999999      -0.95571909706929759     
   29.740000000000002      -0.95572362110891040     
   29.760000000000002      -0.95572814949885943     
   29.780000000000001      -0.95573266419103486     
   29.800000000000001      -0.95573714726365444     
   29.820000000000000      -0.95574158096410022     
   29.840000000000000      -0.95574594775115873     
   29.859999999999999      -0.95575023033658302     
   29.879999999999999      -0.95575441172587794     
   29.900000000000002      -0.95575847525822755     
   29.920000000000002      -0.95576240464547424     
   29.940000000000001      -0.95576618401006941     
   29.960000000000001      -0.95576979792191818     
   29.980000000000000      -0.95577323143403370     
