2.2915554053147672E-003
1.4373476712462953E-002
5.4339219314124269E-002
0.16471655901412963
0.45583455880341600
0.96855048799228749
1.4747211215998350
1.8087933335791273
1.9717545640122232
2.0070190069895726
2.6468682040877009E-003
4.2768470263492611E-004
-2.2884920995936094E-002
-8.0539517320143972E-002
-0.20932066799473095
-0.39128800074132752
-0.53341331237005363
-0.60941642737204771
-0.64060940227192453
-0.64591377617557999
1.5729323543793555E-002
2.0053393561263240E-002
3.6674772540945407E-003
-4.8675905449631303E-002
-0.18319633292405904
-0.38228254510476811
-0.53117026839528259
-0.60005478632267928
-0.61634489273464554
-0.60104824643961208
1.2409446377426466E-002
1.9220616886917858E-002
3.6655979773727965E-003
-4.8676812529726166E-002
-0.18319781587274386
-0.38228300772124779
-0.53117027465364108
-0.60005478000239465
-0.61634492569842647
-0.60104825585441779
2.5976252885299175E-003
3.7206516935327742E-004
-2.2884935347111116E-002
-8.0539572339685603E-002
-0.20932078260874251
-0.39128802607115420
-0.53341331343743170
-0.60941641800978275
-0.64060944908176976
-0.64591378800105848
1.9882582213348807E-002
2.7980805935468953E-002
3.1406997147350048E-002
5.4392267341556388E-002
0.10452949666301010
0.16901864695539937
0.20454011897151819
0.21189707892912735
0.20690842952796909
0.19624395834398681
