200.00000000000000 0.10010789377151681 0.10068569433349243
200.00000000000000 0.83965366187775259 0.83965975712265828
140.00000000000000 1.6468869490159779 1.6468869536281927
100.00000000000000 2.0459898758232411 2.0459898757196986
100.00000000000000 2.1960830880886473 2.1960830879642406
200.00000000000000 1.3079394271692277E-002 1.3369314020347321E-002
200.00000000000000 0.36250625691614502 0.36259275469357860
160.00000000000000 1.2933346166433866 1.2933347891602041
120.00000000000000 1.8926054105819730 1.8926054106277910
100.00000000000000 2.1395674926636072 2.1395674928047059
