200.00000000000000 -0.29670156740979359 -0.32159349200869558
200.00000000000000 -0.31715666637594425 -0.31722416372999834
140.00000000000000 -0.27281347283710944 -0.27281350591890258
100.00000000000000 -0.22205934386693493 -0.22205934386462389
100.00000000000000 -0.18920781018190344 -0.18920781017895322
200.00000000000000 -0.58723462250372505 -0.62905374024265670
200.00000000000000 -0.30857143245972674 -0.31000513464245288
160.00000000000000 -0.29900054033901990 -0.29900212343804505
120.00000000000000 -0.24544520403876022 -0.24544520413754375
100.00000000000000 -0.20379877507146141 -0.20379877507359964
