0.1 1.1388486600629173E-002
0.2 8.6281103591774322E-002
0.3 0.31904298147010612
0.4 0.71594727998665775
0.5 1.0514426251908819
0.6 1.2775767055424885
0.7 1.4006880762373830
0.8 1.4419760450223560
0.9 1.4325754072236301
1.0 1.3933136193263791


0.1 8.3994307841657838E-003
0.2 1.1034481333652976E-002
0.3 -7.4867402270415908E-003
0.4 -8.6596789684337691E-002
0.5 -0.18216054146139637
0.6 -0.25896962077827745
0.7 -0.31278167322557138
0.8 -0.34643296711691274
0.9 -0.36654635386953532
1.0 -0.37812597775306689


0.1 1.7888005966139452E-002
0.2 6.5886970247020046E-002
0.3 8.0391925586938168E-002
0.4 1.7533082900266259E-002
0.5 -6.9335752065060166E-002
0.6 -0.14229257667195003
0.7 -0.19254368700103197
0.8 -0.22037058726857794
0.9 -0.23251137957510923
1.0 -0.23360365493600438


0.1 2.0059752889942977E-002
0.2 6.8139836675995255E-002
0.3 8.0612340831428028E-002
0.4 1.7544974448977329E-002
0.5 -6.9335447917371174E-002
0.6 -0.14229256971613630
0.7 -0.19254368696226004
0.8 -0.22037058726385264
0.9 -0.23251137958319698
1.0 -0.23360365493028831


0.1 8.4273576911466051E-003
0.2 1.1111020740424261E-002
0.3 -7.4539840383788464E-003
0.4 -8.6595051077206567E-002
0.5 -0.18216043099772433
0.6 -0.25896961804712471
0.7 -0.31278167322493117
0.8 -0.34643296710889576
0.9 -0.36654635387618151
1.0 -0.37812597775031054


0.1 8.6453197977028273E-002
0.2 6.1411016417383148E-002
0.3 3.9850374455844773E-002
0.4 4.0045972019387435E-002
0.5 4.7890486216988479E-002
0.6 5.8325104785180035E-002
0.7 6.7579242592343061E-002
0.8 7.4091507767196807E-002
0.9 7.7640961858837149E-002
1.0 7.8369184697813191E-002
