2 100.00000000000000 4.9260145727413537E-003
3 80.000000000000000 5.0226671940147780E-003
4 80.000000000000000 5.0238528540606561E-003
5 80.000000000000000 5.0238614786278146E-003
6 80.000000000000000 5.0238615261329351E-003
7 80.000000000000000 5.0238615263360816E-003
8 80.000000000000000 5.0238615263368197E-003
9 80.000000000000000 5.0238615263368232E-003
10 80.000000000000000 5.0238615263368180E-003
11 80.000000000000000 5.0238615263368154E-003
12 80.000000000000000 5.0238615263368137E-003
13 80.000000000000000 5.0238615263368171E-003
14 80.000000000000000 5.0238615263368223E-003
15 80.000000000000000 5.0238615263368189E-003
16 80.000000000000000 5.0238615263368111E-003
17 80.000000000000000 5.0238615263368180E-003
18 80.000000000000000 5.0238615263368171E-003
19 80.000000000000000 5.0238615263368180E-003
20 80.000000000000000 5.0238615263368180E-003
