   0.0000000000000000        0.0000000000000000     
   2.0000000000000000E-002   1.5965904000000003E-005
   4.0000000000000001E-002   6.3710597053580104E-005
   5.9999999999999998E-002   1.4296732306157901E-004
   8.0000000000000002E-002   2.5342022417065157E-004
  0.10000000000000001        3.9470506137525527E-004
  0.12000000000000000        5.6641001745384614E-004
  0.14000000000000001        7.6807658044285277E-004
  0.16000000000000000        9.9920050570666708E-004
  0.17999999999999999        1.2592328545210302E-003
  0.20000000000000001        1.5475811069511057E-003
  0.22000000000000000        1.8636103466744438E-003
  0.23999999999999999        2.2066445152732267E-003
  0.26000000000000001        2.5759677333998406E-003
  0.28000000000000003        2.9708256861052272E-003
  0.29999999999999999        3.3904270695107653E-003
  0.32000000000000001        3.8339450959018286E-003
  0.34000000000000002        4.3005190542248902E-003
  0.35999999999999999        4.7892559228801977E-003
  0.38000000000000000        5.2992320316187511E-003
  0.40000000000000002        5.8294947692758151E-003
  0.41999999999999998        6.3790643340034692E-003
  0.44000000000000000        6.9469355226020107E-003
  0.46000000000000002        7.5320795554941295E-003
  0.47999999999999998        8.1334459338373785E-003
  0.50000000000000000        8.7499643252286260E-003
  0.52000000000000002        9.3805464744201421E-003
  0.54000000000000004        1.0024088135439620E-002
  0.56000000000000005        1.0679471021486538E-002
  0.57999999999999996        1.1345564768964528E-002
  0.59999999999999998        1.2021228912003750E-002
  0.62000000000000000        1.2705314863828863E-002
  0.64000000000000001        1.3396667901336583E-002
  0.66000000000000003        1.4094129149262575E-002
  0.68000000000000005        1.4796537560339676E-002
  0.70000000000000007        1.5502731887878833E-002
  0.71999999999999997        1.6211552647240089E-002
  0.73999999999999999        1.6921844062703278E-002
  0.76000000000000001        1.7632455996297355E-002
  0.78000000000000003        1.8342245855202104E-002
  0.80000000000000004        1.9050080474397778E-002
  0.82000000000000006        1.9754837971305061E-002
  0.83999999999999997        2.0455409569230996E-002
  0.85999999999999999        2.1150701386515473E-002
  0.88000000000000000        2.1839636188356042E-002
  0.90000000000000002        2.2521155098379111E-002
  0.92000000000000004        2.3194219267118631E-002
  0.94000000000000006        2.3857811494663008E-002
  0.95999999999999996        2.4510937804833960E-002
  0.97999999999999998        2.5152628968368569E-002
   1.0000000000000000        2.5781941972687742E-002
   1.0200000000000000        2.6397961435949191E-002
   1.0400000000000000        2.6999800963202276E-002
   1.0600000000000001        2.7586604442584081E-002
   1.0800000000000001        2.8157547279620988E-002
   1.1000000000000001        2.8711837567828215E-002
   1.1200000000000001        2.9248717193929706E-002
   1.1400000000000001        2.9767462876153512E-002
   1.1599999999999999        3.0267387134191949E-002
   1.1799999999999999        3.0747839189552109E-002
   1.2000000000000000        3.1208205795159517E-002
   1.2200000000000000        3.1647911993216142E-002
   1.2400000000000000        3.2066421800453764E-002
   1.2600000000000000        3.2463238820063196E-002
   1.2800000000000000        3.2837906779719976E-002
   1.3000000000000000        3.3190009995267993E-002
   1.3200000000000001        3.3519173759762023E-002
   1.3400000000000001        3.3825064657709576E-002
   1.3600000000000001        3.4107390804491690E-002
   1.3800000000000001        3.4365902011080078E-002
   1.4000000000000001        3.4600389874303847E-002
   1.4199999999999999        3.4810687793055052E-002
   1.4399999999999999        3.4996670910955159E-002
   1.4600000000000000        3.5158255986135652E-002
   1.4800000000000000        3.5295401188915790E-002
   1.5000000000000000        3.5408105828286886E-002
   1.5200000000000000        3.5496410008236647E-002
   1.5400000000000000        3.5560394215068562E-002
   1.5600000000000001        3.5600178836989634E-002
   1.5800000000000001        3.5615923617354529E-002
   1.6000000000000001        3.5607827043066219E-002
   1.6200000000000001        3.5576125669740943E-002
   1.6400000000000001        3.5521093385349603E-002
   1.6600000000000001        3.5443040614148151E-002
   1.6799999999999999        3.5342313462805988E-002
   1.7000000000000000        3.5219292810732210E-002
   1.7200000000000000        3.5074393346689124E-002
   1.7400000000000000        3.4908062553863570E-002
   1.7600000000000000        3.4720779645646335E-002
   1.7800000000000000        3.4513054454443137E-002
   1.8000000000000000        3.4285426275909407E-002
   1.8200000000000001        3.4038462671065604E-002
   1.8400000000000001        3.3772758228808104E-002
   1.8600000000000001        3.3488933291384269E-002
   1.8800000000000001        3.3187632645450223E-002
   1.9000000000000001        3.2869524181371491E-002
   1.9199999999999999        3.2535297523466067E-002
   1.9399999999999999        3.2185662633921766E-002
   1.9600000000000000        3.1821348393147070E-002
   1.9800000000000000        3.1443101159337121E-002
   2.0000000000000000        3.1051683310053181E-002
   2.0200000000000000        3.0647871768624799E-002
   2.0400000000000000        3.0232456518190842E-002
   2.0600000000000001        2.9806239106195176E-002
   2.0800000000000001        2.9370031142149408E-002
   2.1000000000000001        2.8924652791463914E-002
   2.1200000000000001        2.8470931268134738E-002
   2.1400000000000001        2.8009699329052572E-002
   2.1600000000000001        2.7541793772675471E-002
   2.1800000000000002        2.7068053944776502E-002
   2.2000000000000002        2.6589320253942287E-002
   2.2200000000000002        2.6106432699458566E-002
   2.2400000000000002        2.5620229414174116E-002
   2.2600000000000002        2.5131545224885164E-002
   2.2800000000000002        2.4641210232728812E-002
   2.3000000000000003        2.4150048416015285E-002
   2.3199999999999998        2.3658876257867747E-002
   2.3399999999999999        2.3168501400970678E-002
   2.3599999999999999        2.2679721331658596E-002
   2.3799999999999999        2.2193322095502351E-002
   2.3999999999999999        2.1710077046473101E-002
   2.4199999999999999        2.1230745631682372E-002
   2.4399999999999999        2.0756072213613256E-002
   2.4600000000000000        2.0286784931669952E-002
   2.4800000000000000        1.9823594604782804E-002
   2.5000000000000000        1.9367193676713395E-002
   2.5200000000000000        1.8918255205608914E-002
   2.5400000000000000        1.8477431899257338E-002
   2.5600000000000001        1.8045355197395686E-002
   2.5800000000000001        1.7622634402321841E-002
   2.6000000000000001        1.7209855858957679E-002
   2.6200000000000001        1.6807582185406497E-002
   2.6400000000000001        1.6416351554942244E-002
   2.6600000000000001        1.6036677030261095E-002
   2.6800000000000002        1.5669045950718791E-002
   2.7000000000000002        1.5313919373168831E-002
   2.7200000000000002        1.4971731566908383E-002
   2.7400000000000002        1.4642889563130397E-002
   2.7600000000000002        1.4327772759171815E-002
   2.7800000000000002        1.4026732577739832E-002
   2.8000000000000003        1.3740092181190763E-002
   2.8199999999999998        1.3468146240828937E-002
   2.8399999999999999        1.3211160761087640E-002
   2.8599999999999999        1.2969372958349063E-002
   2.8799999999999999        1.2742991194057187E-002
   2.8999999999999999        1.2532194961675501E-002
   2.9199999999999999        1.2337134926941851E-002
   2.9399999999999999        1.2157933020774104E-002
   2.9600000000000000        1.1994682584084966E-002
   2.9800000000000000        1.1847448563670027E-002
   3.0000000000000000        1.1716267758242811E-002
   3.0200000000000000        1.1601149113600920E-002
   3.0400000000000000        1.1502074065822900E-002
   3.0600000000000001        1.1418996931311759E-002
   3.0800000000000001        1.1351845342421923E-002
   3.1000000000000001        1.1300520727329681E-002
   3.1200000000000001        1.1264898832734554E-002
   3.1400000000000001        1.1244830287908786E-002
   3.1600000000000001        1.1240141208547001E-002
   3.1800000000000002        1.1250633838805103E-002
   3.2000000000000002        1.1276087229859479E-002
   3.2200000000000002        1.1316257953262859E-002
   3.2400000000000002        1.1370880847322623E-002
   3.2600000000000002        1.1439669794680786E-002
   3.2800000000000002        1.1522318529232477E-002
   3.3000000000000003        1.1618501470481326E-002
   3.3200000000000003        1.1727874583396301E-002
   3.3399999999999999        1.1850076261804383E-002
   3.3599999999999999        1.1984728233328053E-002
   3.3799999999999999        1.2131436483855115E-002
   3.3999999999999999        1.2289792199511356E-002
   3.4199999999999999        1.2459372724093571E-002
   3.4399999999999999        1.2639742529912188E-002
   3.4600000000000000        1.2830454199988111E-002
   3.4800000000000000        1.3031049419548475E-002
   3.5000000000000000        1.3241059974769914E-002
   3.5200000000000000        1.3460008756726217E-002
   3.5400000000000000        1.3687410768509364E-002
   3.5600000000000001        1.3922774133509123E-002
   3.5800000000000001        1.4165601102856700E-002
   3.6000000000000001        1.4415389060061727E-002
   3.6200000000000001        1.4671631520899687E-002
   3.6400000000000001        1.4933819126638390E-002
   3.6600000000000001        1.5201440628726862E-002
   3.6800000000000002        1.5473983863108772E-002
   3.7000000000000002        1.5750936712363977E-002
   3.7200000000000002        1.6031788053927163E-002
   3.7400000000000002        1.6316028692680094E-002
   3.7600000000000002        1.6603152276265985E-002
   3.7800000000000002        1.6892656191527460E-002
   3.8000000000000003        1.7184042440526907E-002
   3.8200000000000003        1.7476818494667017E-002
   3.8399999999999999        1.7770498125490721E-002
   3.8599999999999999        1.8064602210804036E-002
   3.8799999999999999        1.8358659514830723E-002
   3.8999999999999999        1.8652207441176356E-002
   3.9199999999999999        1.8944792757448183E-002
   3.9399999999999999        1.9235972290449304E-002
   3.9600000000000000        1.9525313590938211E-002
   3.9800000000000000        1.9812395567018592E-002
   4.0000000000000000        2.0096809085299920E-002
   4.0200000000000005        2.0378157539045448E-002
   4.0400000000000000        2.0656057382600942E-002
   4.0600000000000005        2.0930138631475814E-002
   4.0800000000000001        2.1200045327525473E-002
   4.0999999999999996        2.1465435968763165E-002
   4.1200000000000001        2.1725983903407148E-002
   4.1399999999999997        2.1981377687848379E-002
   4.1600000000000001        2.2231321408301762E-002
   4.1799999999999997        2.2475534965982050E-002
   4.2000000000000002        2.2713754325723180E-002
   4.2199999999999998        2.2945731728036458E-002
   4.2400000000000002        2.3171235864679104E-002
   4.2599999999999998        2.3390052017879675E-002
   4.2800000000000002        2.3601982163440938E-002
   4.2999999999999998        2.3806845038013367E-002
   4.3200000000000003        2.4004476170903628E-002
   4.3399999999999999        2.4194727880852730E-002
   4.3600000000000003        2.4377469238285814E-002
   4.3799999999999999        2.4552585993602750E-002
   4.4000000000000004        2.4719980472142730E-002
   4.4199999999999999        2.4879571436518508E-002
   4.4400000000000004        2.5031293917076355E-002
   4.4600000000000000        2.5175099011296283E-002
   4.4800000000000004        2.5310953653001875E-002
   4.5000000000000000        2.5438840352303517E-002
   4.5200000000000005        2.5558756907249267E-002
   4.5400000000000000        2.5670716088205394E-002
   4.5600000000000005        2.5774745296035007E-002
   4.5800000000000001        2.5870886195185509E-002
   4.6000000000000005        2.5959194322835923E-002
   4.6200000000000001        2.6039738675292124E-002
   4.6399999999999997        2.6112601272852604E-002
   4.6600000000000001        2.6177876704398289E-002
   4.6799999999999997        2.6235671652988811E-002
   4.7000000000000002        2.6286104403772353E-002
   4.7199999999999998        2.6329304335539080E-002
   4.7400000000000002        2.6365411397266624E-002
   4.7599999999999998        2.6394575571022993E-002
   4.7800000000000002        2.6416956322604473E-002
   4.7999999999999998        2.6432722041296763E-002
   4.8200000000000003        2.6442049470153942E-002
   4.8399999999999999        2.6445123128193485E-002
   4.8600000000000003        2.6442134725907174E-002
   4.8799999999999999        2.6433282575484083E-002
   4.9000000000000004        2.6418770997137683E-002
   4.9199999999999999        2.6398809722920222E-002
   4.9400000000000004        2.6373613299396543E-002
   4.9600000000000000        2.6343400490535386E-002
   4.9800000000000004        2.6308393682159405E-002
   5.0000000000000000        2.6268818289275648E-002
   5.0200000000000005        2.6224902167585686E-002
   5.0400000000000000        2.6176875030449732E-002
   5.0600000000000005        2.6124967872552182E-002
   5.0800000000000001        2.6069412401484953E-002
   5.1000000000000005        2.6010440478434191E-002
   5.1200000000000001        2.5948283569119952E-002
   5.1399999999999997        2.5883172206102818E-002
   5.1600000000000001        2.5815335463531930E-002
   5.1799999999999997        2.5745000445368250E-002
   5.2000000000000002        2.5672391788074476E-002
   5.2199999999999998        2.5597731178717904E-002
   5.2400000000000002        2.5521236889387053E-002
   5.2599999999999998        2.5443123328774932E-002
   5.2800000000000002        2.5363600611732373E-002
   5.2999999999999998        2.5282874147545036E-002
   5.3200000000000003        2.5201144247635587E-002
   5.3399999999999999        2.5118605753340191E-002
   5.3600000000000003        2.5035447684354343E-002
   5.3799999999999999        2.4951852908389419E-002
   5.4000000000000004        2.4867997832525204E-002
   5.4199999999999999        2.4784052116688885E-002
   5.4400000000000004        2.4700178409634115E-002
   5.4600000000000000        2.4616532107737878E-002
   5.4800000000000004        2.4533261136875744E-002
   5.5000000000000000        2.4450505757580048E-002
   5.5200000000000005        2.4368398393628157E-002
   5.5400000000000000        2.4287063484152480E-002
   5.5600000000000005        2.4206617359306883E-002
   5.5800000000000001        2.4127168139469298E-002
   5.6000000000000005        2.4048815657904864E-002
   5.6200000000000001        2.3971651406759591E-002
   5.6399999999999997        2.3895758506200949E-002
   5.6600000000000001        2.3821211696469568E-002
   5.6799999999999997        2.3748077352553600E-002
   5.7000000000000002        2.3676413521148177E-002
   5.7199999999999998        2.3606269979511565E-002
   5.7400000000000002        2.3537688315783394E-002
   5.7599999999999998        2.3470702030282172E-002
   5.7800000000000002        2.3405336657255756E-002
   5.7999999999999998        2.3341609906514241E-002
   5.8200000000000003        2.3279531824333392E-002
   5.8399999999999999        2.3219104972976957E-002
   5.8600000000000003        2.3160324628148148E-002
   5.8799999999999999        2.3103178993644495E-002
   5.9000000000000004        2.3047649432456224E-002
   5.9199999999999999        2.2993710713516462E-002
   5.9400000000000004        2.2941331273281542E-002
   5.9600000000000000        2.2890473491291877E-002
   5.9800000000000004        2.2841093978838795E-002
   6.0000000000000000        2.2793143879838943E-002
   6.0200000000000005        2.2746569182997362E-002
   6.0400000000000000        2.2701311044321291E-002
   6.0600000000000005        2.2657306119030912E-002
   6.0800000000000001        2.2614486901898951E-002
   6.1000000000000005        2.2572782075039564E-002
   6.1200000000000001        2.2532116862157909E-002
   6.1400000000000006        2.2492413388264750E-002
   6.1600000000000001        2.2453591043856497E-002
   6.1799999999999997        2.2415566852558088E-002
   6.2000000000000002        2.2378255841227806E-002
   6.2199999999999998        2.2341571411524357E-002
   6.2400000000000002        2.2305425711942609E-002
   6.2599999999999998        2.2269730009330958E-002
   6.2800000000000002        2.2234395058913059E-002
   6.2999999999999998        2.2199331471848400E-002
   6.3200000000000003        2.2164450079379991E-002
   6.3399999999999999        2.2129662292633419E-002
   6.3600000000000003        2.2094880457149746E-002
   6.3799999999999999        2.2060018201254521E-002
   6.4000000000000004        2.2024990777387708E-002
   6.4199999999999999        2.1989715395542665E-002
   6.4400000000000004        2.1954111547988431E-002
   6.4600000000000000        2.1918101324477003E-002
   6.4800000000000004        2.1881609717166378E-002
   6.5000000000000000        2.1844564914520890E-002
   6.5200000000000005        2.1806898583482528E-002
   6.5400000000000000        2.1768546139241087E-002
   6.5600000000000005        2.1729447001965201E-002
   6.5800000000000001        2.1689544839893379E-002
   6.6000000000000005        2.1648787798221127E-002
   6.6200000000000001        2.1607128713258861E-002
   6.6400000000000006        2.1564525311374913E-002
   6.6600000000000001        2.1520940392278053E-002
   6.6799999999999997        2.1476341996235333E-002
   6.7000000000000002        2.1430703554862505E-002
   6.7199999999999998        2.1384004025167207E-002
   6.7400000000000002        2.1336228006567402E-002
   6.7599999999999998        2.1287365840651076E-002
   6.7800000000000002        2.1237413693486980E-002
   6.7999999999999998        2.1186373620339361E-002
   6.8200000000000003        2.1134253612683868E-002
   6.8399999999999999        2.1081067627465602E-002
   6.8600000000000003        2.1026835598583534E-002
   6.8799999999999999        2.0971583430629565E-002
   6.9000000000000004        2.0915342974953149E-002
   6.9199999999999999        2.0858151988165527E-002
   6.9400000000000004        2.0800054073239507E-002
   6.9600000000000000        2.0741098603402869E-002
   6.9800000000000004        2.0681340629063891E-002
   7.0000000000000000        2.0620840768048335E-002
   7.0200000000000005        2.0559665079466174E-002
   7.0400000000000000        2.0497884921564791E-002
   7.0600000000000005        2.0435576793963260E-002
   7.0800000000000001        2.0372822164698136E-002
   7.1000000000000005        2.0309707282546746E-002
   7.1200000000000001        2.0246322975127636E-002
   7.1400000000000006        2.0182764433310765E-002
   7.1600000000000001        2.0119130982501121E-002
   7.1799999999999997        2.0055525841389244E-002
   7.2000000000000002        1.9992055868790756E-002
   7.2199999999999998        1.9928831299223404E-002
   7.2400000000000002        1.9865965467895888E-002
   7.2599999999999998        1.9803574525805612E-002
   7.2800000000000002        1.9741777145665069E-002
   7.2999999999999998        1.9680694219396267E-002
   7.3200000000000003        1.9620448547951197E-002
   7.3399999999999999        1.9561164524232844E-002
   7.3600000000000003        1.9502967809906034E-002
   7.3799999999999999        1.9445985006900479E-002
   7.4000000000000004        1.9390343324418954E-002
   7.4199999999999999        1.9336170242273586E-002
   7.4400000000000004        1.9283593171379329E-002
   7.4600000000000000        1.9232739112240205E-002
   7.4800000000000004        1.9183734312266505E-002
   7.5000000000000000        1.9136703922763201E-002
   7.5200000000000005        1.9091771656429075E-002
   7.5400000000000000        1.9049059446204216E-002
   7.5600000000000005        1.9008687106298952E-002
   7.5800000000000001        1.8970771996231716E-002
   7.6000000000000005        1.8935428688695116E-002
   7.6200000000000001        1.8902768642059937E-002
   7.6400000000000006        1.8872899878315506E-002
   7.6600000000000001        1.8845926667231259E-002
   7.6799999999999997        1.8821949217509557E-002
   7.7000000000000002        1.8801063375683234E-002
   7.7199999999999998        1.8783360333492927E-002
   7.7400000000000002        1.8768926344459050E-002
   7.7599999999999998        1.8757842450342545E-002
   7.7800000000000002        1.8750184218164576E-002
   7.7999999999999998        1.8746021488431783E-002
   7.8200000000000003        1.8745418135187313E-002
   7.8399999999999999        1.8748431838480878E-002
   7.8600000000000003        1.8755113869822784E-002
   7.8799999999999999        1.8765508891156954E-002
   7.9000000000000004        1.8779654767857621E-002
   7.9199999999999999        1.8797582396221899E-002
   7.9400000000000004        1.8819315545898378E-002
   7.9600000000000000        1.8844870717657482E-002
   7.9800000000000004        1.8874257016875153E-002
   8.0000000000000000        1.8907476043065679E-002
   8.0199999999999996        1.8944521795764079E-002
   8.0400000000000009        1.8985380597020818E-002
   8.0600000000000005        1.9030031030735393E-002
   8.0800000000000001        1.9078443899017201E-002
   8.0999999999999996        1.9130582195723968E-002
   8.1200000000000010        1.9186401097290213E-002
   8.1400000000000006        1.9245847970919296E-002
   8.1600000000000001        1.9308862400174140E-002
   8.1799999999999997        1.9375376227963342E-002
   8.1999999999999993        1.9445313616880299E-002
   8.2200000000000006        1.9518591126814953E-002
   8.2400000000000002        1.9595117809719596E-002
   8.2599999999999998        1.9674795321371757E-002
   8.2799999999999994        1.9757518049940193E-002
   8.3000000000000007        1.9843173261122702E-002
   8.3200000000000003        1.9931641259588000E-002
   8.3399999999999999        2.0022795566417936E-002
   8.3599999999999994        2.0116503112211043E-002
   8.3800000000000008        2.0212624445474555E-002
   8.4000000000000004        2.0311013955897284E-002
   8.4199999999999999        2.0411520112064430E-002
   8.4399999999999995        2.0513985713142592E-002
   8.4600000000000009        2.0618248154033399E-002
   8.4800000000000004        2.0724139703463883E-002
   8.5000000000000000        2.0831487794454411E-002
   8.5199999999999996        2.0940115326576646E-002
   8.5400000000000009        2.1049840979389296E-002
   8.5600000000000005        2.1160479536414006E-002
   8.5800000000000001        2.1271842218991671E-002
   8.5999999999999996        2.1383737029336630E-002
   8.6200000000000010        2.1495969102087016E-002
   8.6400000000000006        2.1608341063630486E-002
   8.6600000000000001        2.1720653398467557E-002
   8.6799999999999997        2.1832704821859169E-002
   8.7000000000000011        2.1944292657991388E-002
   8.7200000000000006        2.2055213222878400E-002
   8.7400000000000002        2.2165262211213014E-002
   8.7599999999999998        2.2274235086367247E-002
   8.7799999999999994        2.2381927472736311E-002
   8.8000000000000007        2.2488135549615266E-002
   8.8200000000000003        2.2592656445793786E-002
   8.8399999999999999        2.2695288634051708E-002
   8.8599999999999994        2.2795832324739307E-002
   8.8800000000000008        2.2894089857626185E-002
   8.9000000000000004        2.2989866091207432E-002
   8.9199999999999999        2.3082968788659404E-002
   8.9399999999999995        2.3173208999645208E-002
   8.9600000000000009        2.3260401437177645E-002
   8.9800000000000004        2.3344364848757855E-002
   9.0000000000000000        2.3424922381019151E-002
   9.0199999999999996        2.3501901937119363E-002
   9.0400000000000009        2.3575136526139347E-002
   9.0600000000000005        2.3644464603761937E-002
   9.0800000000000001        2.3709730403523695E-002
   9.0999999999999996        2.3770784257950858E-002
   9.1200000000000010        2.3827482908911898E-002
   9.1400000000000006        2.3879689806541066E-002
   9.1600000000000001        2.3927275396111183E-002
   9.1799999999999997        2.3970117392258020E-002
   9.2000000000000011        2.4008101039985259E-002
   9.2200000000000006        2.4041119361905599E-002
   9.2400000000000002        2.4069073391202251E-002
   9.2599999999999998        2.4091872389823788E-002
   9.2799999999999994        2.4109434051456002E-002
   9.3000000000000007        2.4121684688845336E-002
   9.3200000000000003        2.4128559405080206E-002
   9.3399999999999999        2.4130002248469732E-002
   9.3599999999999994        2.4125966350692335E-002
   9.3800000000000008        2.4116414047920951E-002
   9.4000000000000004        2.4101316984666152E-002
   9.4199999999999999        2.4080656200113466E-002
   9.4399999999999995        2.4054422196766793E-002
   9.4600000000000009        2.4022614991245562E-002
   9.4800000000000004        2.3985244147119104E-002
   9.5000000000000000        2.3942328789698434E-002
   9.5199999999999996        2.3893897602741462E-002
   9.5400000000000009        2.3839988807064439E-002
   9.5600000000000005        2.3780650121088417E-002
   9.5800000000000001        2.3715938703385783E-002
   9.5999999999999996        2.3645921077328224E-002
   9.6200000000000010        2.3570673037972806E-002
   9.6400000000000006        2.3490279541358221E-002
   9.6600000000000001        2.3404834576418829E-002
   9.6799999999999997        2.3314441019757423E-002
   9.7000000000000011        2.3219210473553187E-002
   9.7200000000000006        2.3119263086912811E-002
   9.7400000000000002        2.3014727361006872E-002
   9.7599999999999998        2.2905739938364582E-002
   9.7799999999999994        2.2792445376730943E-002
   9.8000000000000007        2.2674995907921491E-002
   9.8200000000000003        2.2553551182137591E-002
   9.8399999999999999        2.2428277998234727E-002
   9.8599999999999994        2.2299350020462749E-002
   9.8800000000000008        2.2166947482223059E-002
   9.9000000000000004        2.2031256877413193E-002
   9.9199999999999999        2.1892470639952331E-002
   9.9399999999999995        2.1750786812104145E-002
   9.9600000000000009        2.1606408702234587E-002
   9.9800000000000004        2.1459544532661728E-002
   10.000000000000000        2.1310407078274040E-002
   10.020000000000000        2.1159213296609601E-002
   10.040000000000001        2.1006183950105464E-002
   10.060000000000000        2.0851543221239988E-002
   10.080000000000000        2.0695518321303868E-002
   10.100000000000000        2.0538339093547339E-002
   10.120000000000001        2.0380237611460045E-002
   10.140000000000001        2.0221447772949142E-002
   10.160000000000000        2.0062204891187246E-002
   10.180000000000000        1.9902745282907666E-002
   10.200000000000001        1.9743305854927295E-002
   10.220000000000001        1.9584123689680353E-002
   10.240000000000000        1.9425435630546273E-002
   10.260000000000000        1.9267477867753836E-002
   10.279999999999999        1.9110485525641874E-002
   10.300000000000001        1.8954692252051878E-002
   10.320000000000000        1.8800329810622917E-002
   10.340000000000000        1.8647627676751752E-002
   10.359999999999999        1.8496812637972971E-002
   10.380000000000001        1.8348108399503311E-002
   10.400000000000000        1.8201735195683303E-002
   10.420000000000000        1.8057909408036626E-002
   10.440000000000000        1.7916843190652697E-002
   10.460000000000001        1.7778744103583197E-002
   10.480000000000000        1.7643814754925855E-002
   10.500000000000000        1.7512252452250864E-002
   10.520000000000000        1.7384248864005795E-002
   10.540000000000001        1.7259989691514491E-002
   10.560000000000000        1.7139654352163438E-002
   10.580000000000000        1.7023415674346776E-002
   10.600000000000000        1.6911439604716704E-002
   10.620000000000001        1.6803884928261553E-002
   10.640000000000001        1.6700903001707970E-002
   10.660000000000000        1.6602637500717058E-002
   10.680000000000000        1.6509224181316496E-002
   10.700000000000001        1.6420790655982721E-002
   10.720000000000001        1.6337456184758369E-002
   10.740000000000000        1.6259331481759863E-002
   10.760000000000000        1.6186518537400742E-002
   10.779999999999999        1.6119110456624688E-002
   10.800000000000001        1.6057191313411580E-002
   10.820000000000000        1.6000836021787746E-002
   10.840000000000000        1.5950110223540134E-002
   10.859999999999999        1.5905070192801275E-002
   10.880000000000001        1.5865762757639734E-002
   10.900000000000000        1.5832225238758116E-002
   10.920000000000000        1.5804485405367826E-002
   10.940000000000000        1.5782561448276850E-002
   10.960000000000001        1.5766461970194681E-002
   10.980000000000000        1.5756185993225095E-002
   11.000000000000000        1.5751722983485740E-002
   11.020000000000000        1.5753052892760848E-002
   11.040000000000001        1.5760146217061542E-002
   11.060000000000000        1.5772964071936769E-002
   11.080000000000000        1.5791458284346659E-002
   11.100000000000000        1.5815571500879130E-002
   11.120000000000001        1.5845237312061101E-002
   11.140000000000001        1.5880380392485217E-002
   11.160000000000000        1.5920916656445006E-002
   11.180000000000000        1.5966753428742205E-002
   11.200000000000001        1.6017789630303363E-002
   11.220000000000001        1.6073915978215749E-002
   11.240000000000000        1.6135015199766671E-002
   11.260000000000000        1.6200962260045731E-002
   11.279999999999999        1.6271624602645286E-002
   11.300000000000001        1.6346862402971594E-002
   11.320000000000000        1.6426528833656900E-002
   11.340000000000000        1.6510470341542256E-002
   11.359999999999999        1.6598526935680466E-002
   11.380000000000001        1.6690532485790641E-002
   11.400000000000000        1.6786315030577415E-002
   11.420000000000000        1.6885697095312662E-002
   11.440000000000000        1.6988496018061554E-002
   11.460000000000001        1.7094524283921615E-002
   11.480000000000000        1.7203589866630353E-002
   11.500000000000000        1.7315496576886323E-002
   11.520000000000000        1.7430044416718169E-002
   11.540000000000001        1.7547029939227559E-002
   11.560000000000000        1.7666246613024905E-002
   11.580000000000000        1.7787485190670489E-002
   11.600000000000000        1.7910534080429051E-002
   11.620000000000001        1.8035179720642860E-002
   11.640000000000001        1.8161206956026167E-002
   11.660000000000000        1.8288399415183235E-002
   11.680000000000000        1.8416539888653251E-002
   11.700000000000001        1.8545410706787193E-002
   11.720000000000001        1.8674794116765512E-002
   11.740000000000000        1.8804472658069671E-002
   11.760000000000000        1.8934229535727258E-002
   11.779999999999999        1.9063848990657214E-002
   11.800000000000001        1.9193116666450457E-002
   11.820000000000000        1.9321819971931026E-002
   11.840000000000000        1.9449748438853696E-002
   11.859999999999999        1.9576694074106567E-002
   11.880000000000001        1.9702451705799845E-002
   11.900000000000000        1.9826819322637326E-002
   11.920000000000000        1.9949598405981799E-002
   11.940000000000000        2.0070594254042767E-002
   11.960000000000001        2.0189616297632357E-002
   11.980000000000000        2.0306478406953633E-002
   12.000000000000000        2.0420999188905494E-002
   12.020000000000000        2.0533002274408220E-002
   12.040000000000001        2.0642316595275517E-002
   12.060000000000000        2.0748776650180517E-002
   12.080000000000000        2.0852222759286342E-002
   12.100000000000000        2.0952501307135107E-002
   12.120000000000001        2.1049464973413531E-002
   12.140000000000001        2.1142972951238070E-002
   12.160000000000000        2.1232891152627855E-002
   12.180000000000000        2.1319092400859392E-002
   12.200000000000001        2.1401456609423445E-002
   12.220000000000001        2.1479870947331139E-002
   12.240000000000000        2.1554229990543003E-002
   12.260000000000000        2.1624435859322718E-002
   12.280000000000001        2.1690398341343904E-002
   12.300000000000001        2.1752035000406650E-002
   12.320000000000000        2.1809271270648245E-002
   12.340000000000000        2.1862040536159866E-002
   12.359999999999999        2.1910284195949897E-002
   12.380000000000001        2.1953951714221053E-002
   12.400000000000000        2.1993000655957697E-002
   12.420000000000000        2.2027396707846099E-002
   12.440000000000000        2.2057113684578480E-002
   12.460000000000001        2.2082133520618521E-002
   12.480000000000000        2.2102446247533037E-002
   12.500000000000000        2.2118049957020769E-002
   12.520000000000000        2.2128950749795293E-002
   12.540000000000001        2.2135162670505130E-002
   12.560000000000000        2.2136707628898356E-002
   12.580000000000000        2.2133615307464324E-002
   12.600000000000000        2.2125923055808929E-002
   12.620000000000001        2.2113675772042578E-002
   12.640000000000001        2.2096925771483433E-002
   12.660000000000000        2.2075732643000102E-002
   12.680000000000000        2.2050163093338730E-002
   12.700000000000001        2.2020290779800562E-002
   12.720000000000001        2.1986196131654888E-002
   12.740000000000000        2.1947966160691369E-002
   12.760000000000000        2.1905694261333302E-002
   12.780000000000001        2.1859480000750470E-002
   12.800000000000001        2.1809428899425831E-002
   12.820000000000000        2.1755652202645446E-002
   12.840000000000000        2.1698266643395091E-002
   12.859999999999999        2.1637394197159415E-002
   12.880000000000001        2.1573161829132152E-002
   12.900000000000000        2.1505701234356016E-002
   12.920000000000000        2.1435148571321106E-002
   12.940000000000000        2.1361644189559117E-002
   12.960000000000001        2.1285332351778558E-002
   12.980000000000000        2.1206360951092140E-002
   13.000000000000000        2.1124881223893416E-002
   13.020000000000000        2.1041047458943907E-002
   13.040000000000001        2.0955016703234904E-002
   13.060000000000000        2.0866948465190518E-002
   13.080000000000000        2.0777004415779343E-002
   13.100000000000000        2.0685348088102084E-002
   13.120000000000001        2.0592144576021248E-002
   13.140000000000001        2.0497560232396728E-002
   13.160000000000000        2.0401762367487628E-002
   13.180000000000000        2.0304918948076657E-002
   13.200000000000001        2.0207198297867303E-002
   13.220000000000001        2.0108768799698390E-002
   13.240000000000000        2.0009798600112271E-002
   13.260000000000000        1.9910455316805173E-002
   13.280000000000001        1.9810905749478361E-002
   13.300000000000001        1.9711315594598676E-002
   13.320000000000000        1.9611849164565577E-002
   13.340000000000000        1.9512669111770044E-002
   13.359999999999999        1.9413936158017116E-002
   13.380000000000001        1.9315808829770836E-002
   13.400000000000000        1.9218443199665119E-002
   13.420000000000000        1.9121992634709085E-002
   13.440000000000000        1.9026607551599399E-002
   13.460000000000001        1.8932435179535283E-002
   13.480000000000000        1.8839619330914565E-002
   13.500000000000000        1.8748300180271234E-002
   13.520000000000000        1.8658614051796484E-002
   13.540000000000001        1.8570693215765967E-002
   13.560000000000000        1.8484665694176821E-002
   13.580000000000000        1.8400655075877622E-002
   13.600000000000000        1.8318780341454635E-002
   13.620000000000001        1.8239155698116283E-002
   13.640000000000001        1.8161890424797565E-002
   13.660000000000000        1.8087088727684088E-002
   13.680000000000000        1.8014849606334357E-002
   13.700000000000001        1.7945266730557206E-002
   13.720000000000001        1.7878428328179145E-002
   13.740000000000000        1.7814417083814718E-002
   13.760000000000000        1.7753310048731003E-002
   13.780000000000001        1.7695178561875323E-002
   13.800000000000001        1.7640088182113062E-002
   13.820000000000000        1.7588098631701271E-002
   13.840000000000000        1.7539263751001059E-002
   13.859999999999999        1.7493631464411370E-002
   13.880000000000001        1.7451243757483966E-002
   13.900000000000000        1.7412136665159703E-002
   13.920000000000000        1.7376340271044476E-002
   13.940000000000000        1.7343878717622795E-002
   13.960000000000001        1.7314770227287272E-002
   13.980000000000000        1.7289027134041922E-002
   14.000000000000000        1.7266655925718515E-002
   14.020000000000000        1.7247657296525762E-002
   14.040000000000001        1.7232026209733266E-002
   14.060000000000000        1.7219751970274134E-002
   14.080000000000000        1.7210818307033065E-002
   14.100000000000000        1.7205203464569833E-002
   14.120000000000001        1.7202880304012617E-002
   14.140000000000001        1.7203816412839558E-002
   14.160000000000000        1.7207974223253163E-002
   14.180000000000000        1.7215311138837036E-002
   14.200000000000001        1.7225779669172752E-002
   14.220000000000001        1.7239327572080489E-002
   14.240000000000000        1.7255898003136750E-002
   14.260000000000000        1.7275429672110622E-002
   14.280000000000001        1.7297857005950514E-002
   14.300000000000001        1.7323110317943525E-002
   14.320000000000000        1.7351115982661387E-002
   14.340000000000000        1.7381796616299214E-002
   14.359999999999999        1.7415071262006337E-002
   14.380000000000001        1.7450855579802759E-002
   14.400000000000000        1.7489062040669415E-002
   14.420000000000000        1.7529600124396489E-002
   14.440000000000000        1.7572376520770237E-002
   14.460000000000001        1.7617295333676591E-002
   14.480000000000000        1.7664258287698086E-002
   14.500000000000000        1.7713164936779636E-002
   14.520000000000000        1.7763912874539049E-002
   14.540000000000001        1.7816397945798639E-002
   14.560000000000000        1.7870514458916683E-002
   14.580000000000000        1.7926155398498980E-002
   14.600000000000000        1.7983212638075403E-002
   14.620000000000001        1.8041577152329250E-002
   14.640000000000001        1.8101139228473104E-002
   14.660000000000000        1.8161788676370156E-002
   14.680000000000000        1.8223415037006200E-002
   14.700000000000001        1.8285907788925464E-002
   14.720000000000001        1.8349156552250476E-002
   14.740000000000000        1.8413051289915276E-002
   14.760000000000000        1.8477482505750403E-002
   14.780000000000001        1.8542341439068060E-002
   14.800000000000001        1.8607520255406060E-002
   14.820000000000000        1.8672912233100674E-002
   14.840000000000000        1.8738411945370018E-002
   14.859999999999999        1.8803915437601560E-002
   14.880000000000001        1.8869320399550464E-002
   14.900000000000000        1.8934526332168168E-002
   14.920000000000000        1.8999434708794810E-002
   14.940000000000000        1.9063949130462454E-002
   14.960000000000001        1.9127975475071047E-002
   14.980000000000000        1.9191422040213516E-002
   15.000000000000000        1.9254199679441399E-002
   15.020000000000000        1.9316221931778163E-002
   15.040000000000001        1.9377405144302341E-002
   15.060000000000000        1.9437668587638884E-002
   15.080000000000000        1.9496934564213211E-002
   15.100000000000000        1.9555128509137841E-002
   15.120000000000001        1.9612179083618675E-002
   15.140000000000001        1.9668018260783609E-002
   15.160000000000000        1.9722581403852871E-002
   15.180000000000000        1.9775807336586602E-002
   15.200000000000001        1.9827638405961707E-002
   15.220000000000001        1.9878020537046463E-002
   15.240000000000000        1.9926903280056796E-002
   15.260000000000000        1.9974239849595277E-002
   15.280000000000001        2.0019987156088898E-002
   15.300000000000001        2.0064105829457904E-002
   15.320000000000000        2.0106560235063145E-002
   15.340000000000000        2.0147318481994986E-002
   15.359999999999999        2.0186352423781518E-002
   15.380000000000001        2.0223637651608527E-002
   15.400000000000000        2.0259153480158103E-002
   15.420000000000000        2.0292882926186785E-002
   15.440000000000000        2.0324812679977284E-002
   15.460000000000001        2.0354933069811891E-002
   15.480000000000000        2.0383238019627298E-002
   15.500000000000000        2.0409725000023811E-002
   15.520000000000000        2.0434394972813148E-002
   15.540000000000001        2.0457252329300592E-002
   15.560000000000000        2.0478304822507998E-002
   15.580000000000000        2.0497563493554249E-002
   15.600000000000000        2.0515042592419885E-002
   15.620000000000001        2.0530759493331181E-002
   15.640000000000001        2.0544734605007983E-002
   15.660000000000000        2.0556991276027493E-002
   15.680000000000000        2.0567555695563150E-002
   15.700000000000001        2.0576456789765177E-002
   15.720000000000001        2.0583726114054932E-002
   15.740000000000000        2.0589397741610865E-002
   15.760000000000000        2.0593508148328929E-002
   15.780000000000001        2.0596096094544134E-002
   15.800000000000001        2.0597202503803952E-002
   15.820000000000000        2.0596870338986703E-002
   15.840000000000000        2.0595144476061009E-002
   15.860000000000001        2.0592071575783129E-002
   15.880000000000001        2.0587699953631022E-002
   15.900000000000000        2.0582079448273515E-002
   15.920000000000000        2.0575261288873058E-002
   15.940000000000000        2.0567297961519654E-002
   15.960000000000001        2.0558243075091950E-002
   15.980000000000000        2.0548151226839353E-002
   16.000000000000000        2.0537077867976216E-002
   16.020000000000000        2.0525079169576188E-002
   16.039999999999999        2.0512211889050395E-002
   16.059999999999999        2.0498533237489069E-002
   16.080000000000002        2.0484100748141044E-002
   16.100000000000001        2.0468972146300085E-002
   16.120000000000001        2.0453205220860859E-002
   16.140000000000001        2.0436857697800959E-002
   16.160000000000000        2.0419987115838010E-002
   16.180000000000000        2.0402650704503998E-002
   16.199999999999999        2.0384905264870173E-002
   16.219999999999999        2.0366807053148396E-002
   16.240000000000002        2.0348411667385324E-002
   16.260000000000002        2.0329773937457118E-002
   16.280000000000001        2.0310947818562478E-002
   16.300000000000001        2.0291986288402546E-002
   16.320000000000000        2.0272941248225415E-002
   16.340000000000000        2.0253863427903005E-002
   16.359999999999999        2.0234802295197217E-002
   16.379999999999999        2.0215805969361286E-002
   16.399999999999999        2.0196921139211461E-002
   16.420000000000002        2.0178192985792251E-002
   16.440000000000001        2.0159665109747649E-002
   16.460000000000001        2.0141379463498556E-002
   16.480000000000000        2.0123376288315408E-002
   16.500000000000000        2.0105694056362942E-002
   16.520000000000000        2.0088369417782095E-002
   16.539999999999999        2.0071437152862647E-002
   16.559999999999999        2.0054930129347663E-002
   16.580000000000002        2.0038879264899702E-002
   16.600000000000001        2.0023313494746033E-002
   16.620000000000001        2.0008259744509472E-002
   16.640000000000001        1.9993742908218815E-002
   16.660000000000000        1.9979785831481876E-002
   16.680000000000000        1.9966409299792962E-002
   16.699999999999999        1.9953632031934513E-002
   16.719999999999999        1.9941470678422904E-002
   16.740000000000002        1.9929939824936536E-002
   16.760000000000002        1.9919052000654452E-002
   16.780000000000001        1.9908817691422991E-002
   16.800000000000001        1.9899245357658416E-002
   16.820000000000000        1.9890341456883235E-002
   16.840000000000000        1.9882110470784985E-002
   16.859999999999999        1.9874554936676891E-002
   16.879999999999999        1.9867675483231120E-002
   16.899999999999999        1.9861470870347116E-002
   16.920000000000002        1.9855938033009401E-002
   16.940000000000001        1.9851072128981646E-002
   16.960000000000001        1.9846866590176846E-002
   16.980000000000000        1.9843313177536240E-002
   17.000000000000000        1.9840402039243882E-002
   17.020000000000000        1.9838121772097268E-002
   17.039999999999999        1.9836459485849500E-002
   17.059999999999999        1.9835400870333295E-002
   17.080000000000002        1.9834930265172496E-002
   17.100000000000001        1.9835030731883078E-002
   17.120000000000001        1.9835684128161685E-002
   17.140000000000001        1.9836871184156991E-002
   17.160000000000000        1.9838571580516485E-002
   17.180000000000000        1.9840764027999013E-002
   17.199999999999999        1.9843426348442127E-002
   17.219999999999999        1.9846535556871946E-002
   17.240000000000002        1.9850067944542721E-002
   17.260000000000002        1.9853999162692829E-002
   17.280000000000001        1.9858304306805019E-002
   17.300000000000001        1.9862958001158483E-002
   17.320000000000000        1.9867934483462576E-002
   17.340000000000000        1.9873207689363129E-002
   17.359999999999999        1.9878751336614854E-002
   17.379999999999999        1.9884539008715722E-002
   17.400000000000002        1.9890544237802496E-002
   17.420000000000002        1.9896740586610139E-002
   17.440000000000001        1.9903101729301497E-002
   17.460000000000001        1.9909601530978278E-002
   17.480000000000000        1.9916214125689103E-002
   17.500000000000000        1.9922913992755212E-002
   17.520000000000000        1.9929676031240254E-002
   17.539999999999999        1.9936475632396332E-002
   17.559999999999999        1.9943288749924487E-002
   17.580000000000002        1.9950091967894601E-002
   17.600000000000001        1.9956862566176195E-002
   17.620000000000001        1.9963578583239033E-002
   17.640000000000001        1.9970218876189435E-002
   17.660000000000000        1.9976763177916107E-002
   17.680000000000000        1.9983192151227073E-002
   17.699999999999999        1.9989487439867233E-002
   17.719999999999999        1.9995631716314504E-002
   17.740000000000002        2.0001608726260736E-002
   17.760000000000002        2.0007403329692409E-002
   17.780000000000001        2.0013001538494612E-002
   17.800000000000001        2.0018390550510752E-002
   17.820000000000000        2.0023558779999444E-002
   17.840000000000000        2.0028495884438693E-002
   17.859999999999999        2.0033192787637082E-002
   17.879999999999999        2.0037641699120146E-002
   17.900000000000002        2.0041836129769768E-002
   17.920000000000002        2.0045770903703009E-002
   17.940000000000001        2.0049442166386232E-002
   17.960000000000001        2.0052847388989305E-002
   17.980000000000000        2.0055985368993248E-002
   18.000000000000000        2.0058856227074106E-002
   18.020000000000000        2.0061461400294262E-002
   18.039999999999999        2.0063803631640825E-002
   18.059999999999999        2.0065886955959619E-002
   18.080000000000002        2.0067716682341349E-002
   18.100000000000001        2.0069299373024697E-002
   18.120000000000001        2.0070642818889012E-002
   18.140000000000001        2.0071756011616985E-002
   18.160000000000000        2.0072649112615196E-002
   18.180000000000000        2.0073333418787750E-002
   18.199999999999999        2.0073821325264821E-002
   18.219999999999999        2.0074126285195337E-002
   18.240000000000002        2.0074262766718576E-002
   18.260000000000002        2.0074246207236315E-002
   18.280000000000001        2.0074092965112603E-002
   18.300000000000001        2.0073820268933697E-002
   18.320000000000000        2.0073446164466019E-002
   18.340000000000000        2.0072989459454738E-002
   18.359999999999999        2.0072469666409892E-002
   18.379999999999999        2.0071906943531354E-002
   18.400000000000002        2.0071322033927350E-002
   18.420000000000002        2.0070736203284784E-002
   18.440000000000001        2.0070171176152580E-002
   18.460000000000001        2.0069649071001842E-002
   18.480000000000000        2.0069192334228741E-002
   18.500000000000000        2.0068823673268000E-002
   18.520000000000000        2.0068565988986143E-002
   18.539999999999999        2.0068442307524768E-002
   18.559999999999999        2.0068475711764854E-002
   18.580000000000002        2.0068689272583033E-002
   18.600000000000001        2.0069105980070924E-002
   18.620000000000001        2.0069748674888067E-002
   18.640000000000001        2.0070639979917839E-002
   18.660000000000000        2.0071802232394648E-002
   18.680000000000000        2.0073257416668929E-002
   18.699999999999999        2.0075027097774548E-002
   18.719999999999999        2.0077132355960588E-002
   18.740000000000002        2.0079593722346772E-002
   18.760000000000002        2.0082431115858983E-002
   18.780000000000001        2.0085663781597221E-002
   18.800000000000001        2.0089310230785279E-002
   18.820000000000000        2.0093388182446711E-002
   18.840000000000000        2.0097914506947628E-002
   18.859999999999999        2.0102905171541841E-002
   18.879999999999999        2.0108375188049019E-002
   18.900000000000002        2.0114338562791309E-002
   18.920000000000002        2.0120808248908117E-002
   18.940000000000001        2.0127796101162842E-002
   18.960000000000001        2.0135312833349864E-002
   18.980000000000000        2.0143367978403180E-002
   19.000000000000000        2.0151969851301927E-002
   19.020000000000000        2.0161125514861350E-002
   19.039999999999999        2.0170840748491042E-002
   19.059999999999999        2.0181120019994832E-002
   19.080000000000002        2.0191966460480191E-002
   19.100000000000001        2.0203381842437352E-002
   19.120000000000001        2.0215366561040955E-002
   19.140000000000001        2.0227919618719680E-002
   19.160000000000000        2.0241038613031948E-002
   19.180000000000000        2.0254719727877554E-002
   19.199999999999999        2.0268957728068304E-002
   19.219999999999999        2.0283745957272146E-002
   19.240000000000002        2.0299076339338411E-002
   19.260000000000002        2.0314939383003341E-002
   19.280000000000001        2.0331324189968067E-002
   19.300000000000001        2.0348218466333126E-002
   19.320000000000000        2.0365608537366263E-002
   19.340000000000000        2.0383479365572690E-002
   19.359999999999999        2.0401814572029574E-002
   19.379999999999999        2.0420596460939255E-002
   19.400000000000002        2.0439806047348505E-002
   19.420000000000002        2.0459423087974070E-002
   19.440000000000001        2.0479426115067815E-002
   19.460000000000001        2.0499792473248291E-002
   19.480000000000000        2.0520498359218500E-002
   19.500000000000000        2.0541518864283889E-002
   19.520000000000000        2.0562828019578008E-002
   19.539999999999999        2.0584398843897424E-002
   19.559999999999999        2.0606203394041969E-002
   19.580000000000002        2.0628212817550690E-002
   19.600000000000001        2.0650397407718832E-002
   19.620000000000001        2.0672726660776103E-002
   19.640000000000001        2.0695169335101994E-002
   19.660000000000000        2.0717693512349214E-002
   19.680000000000000        2.0740266660342704E-002
   19.699999999999999        2.0762855697617252E-002
   19.719999999999999        2.0785427059453746E-002
   19.740000000000002        2.0807946765270872E-002
   19.760000000000002        2.0830380487225672E-002
   19.780000000000001        2.0852693619874782E-002
   19.800000000000001        2.0874851350744846E-002
   19.820000000000000        2.0896818731659762E-002
   19.840000000000000        2.0918560750670039E-002
   19.859999999999999        2.0940042404428878E-002
   19.879999999999999        2.0961228770858483E-002
   19.900000000000002        2.0982085081949521E-002
   19.920000000000002        2.1002576796536658E-002
   19.940000000000001        2.1022669672893061E-002
   19.960000000000001        2.1042329840987344E-002
   19.980000000000000        2.1061523874247132E-002
   20.000000000000000        2.1080218860674706E-002
   20.020000000000000        2.1098382473161675E-002
   20.039999999999999        2.1115983038851052E-002
   20.059999999999999        2.1132989607397991E-002
   20.080000000000002        2.1149372017981918E-002
   20.100000000000001        2.1165100964926489E-002
   20.120000000000001        2.1180148061785982E-002
   20.140000000000001        2.1194485903760826E-002
   20.160000000000000        2.1208088128307906E-002
   20.180000000000000        2.1220929473815958E-002
   20.199999999999999        2.1232985836219659E-002
   20.219999999999999        2.1244234323431171E-002
   20.240000000000002        2.1254653307472261E-002
   20.260000000000002        2.1264222474194999E-002
   20.280000000000001        2.1272922870484417E-002
   20.300000000000001        2.1280736948841483E-002
   20.320000000000000        2.1287648609250729E-002
   20.340000000000000        2.1293643238242434E-002
   20.359999999999999        2.1298707745065069E-002
   20.379999999999999        2.1302830594890101E-002
   20.400000000000002        2.1306001838977184E-002
   20.420000000000002        2.1308213141734526E-002
   20.440000000000001        2.1309457804615354E-002
   20.460000000000001        2.1309730786798233E-002
   20.480000000000000        2.1309028722605795E-002
   20.500000000000000        2.1307349935623086E-002
   20.520000000000000        2.1304694449483561E-002
   20.539999999999999        2.1301063995297933E-002
   20.559999999999999        2.1296462015707857E-002
   20.580000000000002        2.1290893665553409E-002
   20.600000000000001        2.1284365809150430E-002
   20.620000000000001        2.1276887014180821E-002
   20.640000000000001        2.1268467542205554E-002
   20.660000000000000        2.1259119335817599E-002
   20.680000000000000        2.1248856002458422E-002
   20.699999999999999        2.1237692794928650E-002
   20.719999999999999        2.1225646588630600E-002
   20.740000000000002        2.1212735855586282E-002
   20.760000000000002        2.1198980635282028E-002
   20.780000000000001        2.1184402502396192E-002
   20.800000000000001        2.1169024531473988E-002
   20.820000000000000        2.1152871258618391E-002
   20.840000000000000        2.1135968640272996E-002
   20.859999999999999        2.1118344009178169E-002
   20.879999999999999        2.1100026027587423E-002
   20.900000000000002        2.1081044637836784E-002
   20.920000000000002        2.1061431010364576E-002
   20.940000000000001        2.1041217489284975E-002
   20.960000000000001        2.1020437535622601E-002
   20.980000000000000        2.0999125668320708E-002
   21.000000000000000        2.0977317403139524E-002
   21.020000000000000        2.0955049189565759E-002
   21.039999999999999        2.0932358345857556E-002
   21.059999999999999        2.0909282992353697E-002
   21.080000000000002        2.0885861983178156E-002
   21.100000000000001        2.0862134836475046E-002
   21.120000000000001        2.0838141663311226E-002
   21.140000000000001        2.0813923095386603E-002
   21.160000000000000        2.0789520211694223E-002
   21.180000000000000        2.0764974464274288E-002
   21.199999999999999        2.0740327603207615E-002
   21.219999999999999        2.0715621600995906E-002
   21.240000000000002        2.0690898576476286E-002
   21.260000000000002        2.0666200718419354E-002
   21.280000000000001        2.0641570208959657E-002
   21.300000000000001        2.0617049147007727E-002
   21.320000000000000        2.0592679471792979E-002
   21.340000000000000        2.0568502886685918E-002
   21.359999999999999        2.0544560783447401E-002
   21.379999999999999        2.0520894167051645E-002
   21.400000000000002        2.0497543581228461E-002
   21.420000000000002        2.0474549034868041E-002
   21.440000000000001        2.0451949929430367E-002
   21.460000000000001        2.0429784987498433E-002
   21.480000000000000        2.0408092182612417E-002
   21.500000000000000        2.0386908670518709E-002
   21.520000000000000        2.0366270721965452E-002
   21.539999999999999        2.0346213657172024E-002
   21.559999999999999        2.0326771782096843E-002
   21.580000000000002        2.0307978326624388E-002
   21.600000000000001        2.0289865384787571E-002
   21.620000000000001        2.0272463857138032E-002
   21.640000000000001        2.0255803395372227E-002
   21.660000000000000        2.0239912349316463E-002
   21.680000000000000        2.0224817716369307E-002
   21.699999999999999        2.0210545093494885E-002
   21.719999999999999        2.0197118631855075E-002
   21.740000000000002        2.0184560994163599E-002
   21.760000000000002        2.0172893314839291E-002
   21.780000000000001        2.0162135163030285E-002
   21.800000000000001        2.0152304508575032E-002
   21.820000000000000        2.0143417690960220E-002
   21.840000000000000        2.0135489391329746E-002
   21.859999999999999        2.0128532607592745E-002
   21.879999999999999        2.0122558632672378E-002
   21.900000000000002        2.0117577035931415E-002
   21.920000000000002        2.0113595647803545E-002
   21.940000000000001        2.0110620547653939E-002
   21.960000000000001        2.0108656054885557E-002
   21.980000000000000        2.0107704723301756E-002
   22.000000000000000        2.0107767338729234E-002
   22.020000000000000        2.0108842919899155E-002
   22.039999999999999        2.0110928722577727E-002
   22.059999999999999        2.0114020246931676E-002
   22.080000000000002        2.0118111248107320E-002
   22.100000000000001        2.0123193749996306E-002
   22.120000000000001        2.0129258062154425E-002
   22.140000000000001        2.0136292799834556E-002
   22.160000000000000        2.0144284907088427E-002
   22.180000000000000        2.0153219682886074E-002
   22.199999999999999        2.0163080810196646E-002
   22.219999999999999        2.0173850387968151E-002
   22.240000000000002        2.0185508965938674E-002
   22.260000000000002        2.0198035582206168E-002
   22.280000000000001        2.0211407803479010E-002
   22.300000000000001        2.0225601767924203E-002
   22.320000000000000        2.0240592230526110E-002
   22.340000000000000        2.0256352610863042E-002
   22.359999999999999        2.0272855043205706E-002
   22.379999999999999        2.0290070428836512E-002
   22.400000000000002        2.0307968490485405E-002
   22.420000000000002        2.0326517828773798E-002
   22.440000000000001        2.0345685980554917E-002
   22.460000000000001        2.0365439479035324E-002
   22.480000000000000        2.0385743915559921E-002
   22.500000000000000        2.0406564002939120E-002
   22.520000000000000        2.0427863640195072E-002
   22.539999999999999        2.0449605978601262E-002
   22.559999999999999        2.0471753488887714E-002
   22.580000000000002        2.0494268029482229E-002
   22.600000000000001        2.0517110915656799E-002
   22.620000000000001        2.0540242989446827E-002
   22.640000000000001        2.0563624690210076E-002
   22.660000000000000        2.0587216125691036E-002
   22.680000000000000        2.0610977143456607E-002
   22.699999999999999        2.0634867402568299E-002
   22.719999999999999        2.0658846445356267E-002
   22.740000000000002        2.0682873769161107E-002
   22.760000000000002        2.0706908897909566E-002
   22.780000000000001        2.0730911453391416E-002
   22.800000000000001        2.0754841226105689E-002
   22.820000000000000        2.0778658245545832E-002
   22.840000000000000        2.0802322849795118E-002
   22.859999999999999        2.0825795754305119E-002
   22.879999999999999        2.0849038119732492E-002
   22.900000000000002        2.0872011618711359E-002
   22.920000000000002        2.0894678501441503E-002
   22.940000000000001        2.0917001659974493E-002
   22.960000000000001        2.0938944691084153E-002
   22.980000000000000        2.0960471957609566E-002
   23.000000000000000        2.0981548648163335E-002
   23.020000000000000        2.1002140835100491E-002
   23.039999999999999        2.1022215530648015E-002
   23.059999999999999        2.1041740741098183E-002
   23.080000000000002        2.1060685518973565E-002
   23.100000000000001        2.1079020013075329E-002
   23.120000000000001        2.1096715516331535E-002
   23.140000000000001        2.1113744511365745E-002
   23.160000000000000        2.1130080713712137E-002
   23.180000000000000        2.1145699112606973E-002
   23.199999999999999        2.1160576009292033E-002
   23.219999999999999        2.1174689052770236E-002
   23.240000000000002        2.1188017272958947E-002
   23.260000000000002        2.1200541111191525E-002
   23.280000000000001        2.1212242448023198E-002
   23.300000000000001        2.1223104628302326E-002
   23.320000000000000        2.1233112483474009E-002
   23.340000000000000        2.1242252351087461E-002
   23.359999999999999        2.1250512091485558E-002
   23.379999999999999        2.1257881101658629E-002
   23.400000000000002        2.1264350326251444E-002
   23.420000000000002        2.1269912265717124E-002
   23.440000000000001        2.1274560981617324E-002
   23.460000000000001        2.1278292099073309E-002
   23.480000000000000        2.1281102806378242E-002
   23.500000000000000        2.1282991851786059E-002
   23.520000000000000        2.1283959537497593E-002
   23.539999999999999        2.1284007710869884E-002
   23.559999999999999        2.1283139752880004E-002
   23.580000000000002        2.1281360563879144E-002
   23.600000000000001        2.1278676546678199E-002
   23.620000000000001        2.1275095587010850E-002
   23.640000000000001        2.1270627031424509E-002
   23.660000000000000        2.1265281662654671E-002
   23.680000000000000        2.1259071672542085E-002
   23.699999999999999        2.1252010632556922E-002
   23.719999999999999        2.1244113461998126E-002
   23.740000000000002        2.1235396393940224E-002
   23.760000000000002        2.1225876939003605E-002
   23.780000000000001        2.1215573847028168E-002
   23.800000000000001        2.1204507066733574E-002
   23.820000000000000        2.1192697703452900E-002
   23.840000000000000        2.1180167975029352E-002
   23.859999999999999        2.1166941165968987E-002
   23.879999999999999        2.1153041579944788E-002
   23.900000000000002        2.1138494490750531E-002
   23.920000000000002        2.1123326091804555E-002
   23.940000000000001        2.1107563444306345E-002
   23.960000000000001        2.1091234424150354E-002
   23.980000000000000        2.1074367667703511E-002
   24.000000000000000        2.1056992516554008E-002
   24.020000000000000        2.1039138961340777E-002
   24.039999999999999        2.1020837584773553E-002
   24.060000000000002        2.1002119503954877E-002
   24.080000000000002        2.0983016312115427E-002
   24.100000000000001        2.0963560019875031E-002
   24.120000000000001        2.0943782996141507E-002
   24.140000000000001        2.0923717908759694E-002
   24.160000000000000        2.0903397665022798E-002
   24.180000000000000        2.0882855352157382E-002
   24.199999999999999        2.0862124177893349E-002
   24.219999999999999        2.0841237411228484E-002
   24.240000000000002        2.0820228323497055E-002
   24.260000000000002        2.0799130129849727E-002
   24.280000000000001        2.0777975931251188E-002
   24.300000000000001        2.0756798657100006E-002
   24.320000000000000        2.0735631008573358E-002
   24.340000000000000        2.0714505402797092E-002
   24.359999999999999        2.0693453917939662E-002
   24.379999999999999        2.0672508239325628E-002
   24.400000000000002        2.0651699606662278E-002
   24.420000000000002        2.0631058762469713E-002
   24.440000000000001        2.0610615901802257E-002
   24.460000000000001        2.0590400623345714E-002
   24.480000000000000        2.0570441881971827E-002
   24.500000000000000        2.0550767942827990E-002
   24.520000000000000        2.0531406337037005E-002
   24.539999999999999        2.0512383819077523E-002
   24.560000000000002        2.0493726325912696E-002
   24.580000000000002        2.0475458937930568E-002
   24.600000000000001        2.0457605841755502E-002
   24.620000000000001        2.0440190294986373E-002
   24.640000000000001        2.0423234592913193E-002
   24.660000000000000        2.0406760037259063E-002
   24.680000000000000        2.0390786906991001E-002
   24.699999999999999        2.0375334431238276E-002
   24.719999999999999        2.0360420764352797E-002
   24.740000000000002        2.0346062963141915E-002
   24.760000000000002        2.0332276966299124E-002
   24.780000000000001        2.0319077576054473E-002
   24.800000000000001        2.0306478442061401E-002
   24.820000000000000        2.0294492047532552E-002
   24.840000000000000        2.0283129697633122E-002
   24.859999999999999        2.0272401510135055E-002
   24.879999999999999        2.0262316408331794E-002
   24.900000000000002        2.0252882116208834E-002
   24.920000000000002        2.0244105155860306E-002
   24.940000000000001        2.0235990847138920E-002
   24.960000000000001        2.0228543309521008E-002
   24.980000000000000        2.0221765466165328E-002
   25.000000000000000        2.0215659050139556E-002
   25.020000000000000        2.0210224612784957E-002
   25.039999999999999        2.0205461534185402E-002
   25.060000000000002        2.0201368035703462E-002
   25.080000000000002        2.0197941194542299E-002
   25.100000000000001        2.0195176960288844E-002
   25.120000000000001        2.0193070173390035E-002
   25.140000000000001        2.0191614585510522E-002
   25.160000000000000        2.0190802881717391E-002
   25.180000000000000        2.0190626704433830E-002
   25.199999999999999        2.0191076679101236E-002
   25.219999999999999        2.0192142441485976E-002
   25.240000000000002        2.0193812666564882E-002
   25.260000000000002        2.0196075098920494E-002
   25.280000000000001        2.0198916584575167E-002
   25.300000000000001        2.0202323104190609E-002
   25.320000000000000        2.0206279807557754E-002
   25.340000000000000        2.0210771049299532E-002
   25.359999999999999        2.0215780425707843E-002
   25.379999999999999        2.0221290812634227E-002
   25.400000000000002        2.0227284404352380E-002
   25.420000000000002        2.0233742753309674E-002
   25.440000000000001        2.0240646810683448E-002
   25.460000000000001        2.0247976967657351E-002
   25.480000000000000        2.0255713097332231E-002
   25.500000000000000        2.0263834597185233E-002
   25.520000000000000        2.0272320431991123E-002
   25.539999999999999        2.0281149177119016E-002
   25.560000000000002        2.0290299062118003E-002
   25.580000000000002        2.0299748014505545E-002
   25.600000000000001        2.0309473703672479E-002
   25.620000000000001        2.0319453584819111E-002
   25.640000000000001        2.0329664942837951E-002
   25.660000000000000        2.0340084936058742E-002
   25.680000000000000        2.0350690639773347E-002
   25.699999999999999        2.0361459089458203E-002
   25.719999999999999        2.0372367323614585E-002
   25.740000000000002        2.0383392426147014E-002
   25.760000000000002        2.0394511568203006E-002
   25.780000000000001        2.0405702049398424E-002
   25.800000000000001        2.0416941338354432E-002
   25.820000000000000        2.0428207112474860E-002
   25.840000000000000        2.0439477296894049E-002
   25.859999999999999        2.0450730102528042E-002
   25.879999999999999        2.0461944063164227E-002
   25.900000000000002        2.0473098071526998E-002
   25.920000000000002        2.0484171414259546E-002
   25.940000000000001        2.0495143805764837E-002
   25.960000000000001        2.0505995420851148E-002
   25.980000000000000        2.0516706926130997E-002
   26.000000000000000        2.0527259510124615E-002
   26.020000000000000        2.0537634912022693E-002
   26.039999999999999        2.0547815449065671E-002
   26.060000000000002        2.0557784042500710E-002
   26.080000000000002        2.0567524242079738E-002
   26.100000000000001        2.0577020249066026E-002
   26.120000000000001        2.0586256937719514E-002
   26.140000000000001        2.0595219875234775E-002
   26.160000000000000        2.0603895340108497E-002
   26.180000000000000        2.0612270338916817E-002
   26.199999999999999        2.0620332621486548E-002
   26.219999999999999        2.0628070694446998E-002
   26.240000000000002        2.0635473833153135E-002
   26.260000000000002        2.0642532091973771E-002
   26.280000000000001        2.0649236312941993E-002
   26.300000000000001        2.0655578132768092E-002
   26.320000000000000        2.0661549988219036E-002
   26.340000000000000        2.0667145119871055E-002
   26.359999999999999        2.0672357574245858E-002
   26.379999999999999        2.0677182204343482E-002
   26.400000000000002        2.0681614668588460E-002
   26.420000000000002        2.0685651428208489E-002
   26.440000000000001        2.0689289743068159E-002
   26.460000000000001        2.0692527665982983E-002
   26.480000000000000        2.0695364035541824E-002
   26.500000000000000        2.0697798467468633E-002
   26.520000000000000        2.0699831344556902E-002
   26.539999999999999        2.0701463805212938E-002
   26.560000000000002        2.0702697730646532E-002
   26.580000000000002        2.0703535730749702E-002
   26.600000000000001        2.0703981128706819E-002
   26.620000000000001        2.0704037944381404E-002
   26.640000000000001        2.0703710876526636E-002
   26.660000000000000        2.0703005283869102E-002
   26.680000000000000        2.0701927165116669E-002
   26.699999999999999        2.0700483137943124E-002
   26.719999999999999        2.0698680417004029E-002
   26.740000000000002        2.0696526791039199E-002
   26.760000000000002        2.0694030599119079E-002
   26.780000000000001        2.0691200706093038E-002
   26.800000000000001        2.0688046477298716E-002
   26.820000000000000        2.0684577752592827E-002
   26.840000000000000        2.0680804819763927E-002
   26.859999999999999        2.0676738387389048E-002
   26.879999999999999        2.0672389557196077E-002
   26.900000000000002        2.0667769795994405E-002
   26.920000000000002        2.0662890907236432E-002
   26.940000000000001        2.0657765002272871E-002
   26.960000000000001        2.0652404471364606E-002
   26.980000000000000        2.0646821954513773E-002
   27.000000000000000        2.0641030312176345E-002
   27.020000000000000        2.0635042595918390E-002
   27.039999999999999        2.0628872019077284E-002
   27.060000000000002        2.0622531927488828E-002
   27.080000000000002        2.0616035770340237E-002
   27.100000000000001        2.0609397071208180E-002
   27.120000000000001        2.0602629399340072E-002
   27.140000000000001        2.0595746341235604E-002
   27.160000000000000        2.0588761472584326E-002
   27.180000000000000        2.0581688330613936E-002
   27.199999999999999        2.0574540386902124E-002
   27.219999999999999        2.0567331020703700E-002
   27.240000000000002        2.0560073492842838E-002
   27.260000000000002        2.0552780920218672E-002
   27.280000000000001        2.0545466250970701E-002
   27.300000000000001        2.0538142240348507E-002
   27.320000000000000        2.0530821427328410E-002
   27.340000000000000        2.0523516112017606E-002
   27.359999999999999        2.0516238333884326E-002
   27.379999999999999        2.0508999850850276E-002
   27.400000000000002        2.0501812119279612E-002
   27.420000000000002        2.0494686274896062E-002
   27.440000000000001        2.0487633114658066E-002
   27.460000000000001        2.0480663079618985E-002
   27.480000000000000        2.0473786238797163E-002
   27.500000000000000        2.0467012274078357E-002
   27.520000000000000        2.0460350466170483E-002
   27.539999999999999        2.0453809681628226E-002
   27.560000000000002        2.0447398360962474E-002
   27.580000000000002        2.0441124507847293E-002
   27.600000000000001        2.0434995679434298E-002
   27.620000000000001        2.0429018977782373E-002
   27.640000000000001        2.0423201042407420E-002
   27.660000000000000        2.0417548043955132E-002
   27.680000000000000        2.0412065678996952E-002
   27.699999999999999        2.0406759165946774E-002
   27.719999999999999        2.0401633242094083E-002
   27.740000000000002        2.0396692161746277E-002
   27.760000000000002        2.0391939695471067E-002
   27.780000000000001        2.0387379130427222E-002
   27.800000000000001        2.0383013271769786E-002
   27.820000000000000        2.0378844445113974E-002
   27.840000000000000        2.0374874500039174E-002
   27.859999999999999        2.0371104814613159E-002
   27.879999999999999        2.0367536300914025E-002
   27.900000000000002        2.0364169411525676E-002
   27.920000000000002        2.0361004146980805E-002
   27.940000000000001        2.0358040064123416E-002
   27.960000000000001        2.0355276285361153E-002
   27.980000000000000        2.0352711508776308E-002
   28.000000000000000        2.0350344019062584E-002
   28.020000000000000        2.0348171699253070E-002
   28.039999999999999        2.0346192043204054E-002
   28.060000000000002        2.0344402168797307E-002
   28.080000000000002        2.0342798831822679E-002
   28.100000000000001        2.0341378440501660E-002
   28.120000000000001        2.0340137070611497E-002
   28.140000000000001        2.0339070481168391E-002
   28.160000000000000        2.0338174130627863E-002
   28.180000000000000        2.0337443193559183E-002
   28.199999999999999        2.0336872577750412E-002
   28.219999999999999        2.0336456941699964E-002
   28.240000000000002        2.0336190712450401E-002
   28.260000000000002        2.0336068103719317E-002
   28.280000000000001        2.0336083134282607E-002
   28.300000000000001        2.0336229646564785E-002
   28.320000000000000        2.0336501325391141E-002
   28.340000000000000        2.0336891716856844E-002
   28.359999999999999        2.0337394247267732E-002
   28.379999999999999        2.0338002242108442E-002
   28.400000000000002        2.0338708944993369E-002
   28.420000000000002        2.0339507536556691E-002
   28.440000000000001        2.0340391153238130E-002
   28.460000000000001        2.0341352905921945E-002
   28.480000000000000        2.0342385898386960E-002
   28.500000000000000        2.0343483245526889E-002
   28.520000000000000        2.0344638091300465E-002
   28.539999999999999        2.0345843626372359E-002
   28.560000000000002        2.0347093105406572E-002
   28.580000000000002        2.0348379863975564E-002
   28.600000000000001        2.0349697335048926E-002
   28.620000000000001        2.0351039065027506E-002
   28.640000000000001        2.0352398729289529E-002
   28.660000000000000        2.0353770147216926E-002
   28.680000000000000        2.0355147296671934E-002
   28.699999999999999        2.0356524327894684E-002
   28.719999999999999        2.0357895576795036E-002
   28.740000000000002        2.0359255577612752E-002
   28.760000000000002        2.0360599074922395E-002
   28.780000000000001        2.0361921034960467E-002
   28.800000000000001        2.0363216656254499E-002
   28.820000000000000        2.0364481379535511E-002
   28.840000000000000        2.0365710896916640E-002
   28.859999999999999        2.0366901160323247E-002
   28.879999999999999        2.0368048389161095E-002
   28.900000000000002        2.0369149077211244E-002
   28.920000000000002        2.0370199998742330E-002
   28.940000000000001        2.0371198213832618E-002
   28.960000000000001        2.0372141072895911E-002
   28.980000000000000        2.0373026220407753E-002
   29.000000000000000        2.0373851597830062E-002
   29.020000000000000        2.0374615445733588E-002
   29.039999999999999        2.0375316305120614E-002
   29.060000000000002        2.0375953017951153E-002
   29.080000000000002        2.0376524726878110E-002
   29.100000000000001        2.0377030874198676E-002
   29.120000000000001        2.0377471200030965E-002
   29.140000000000001        2.0377845739726504E-002
   29.160000000000000        2.0378154820531041E-002
   29.180000000000000        2.0378399057507730E-002
   29.199999999999999        2.0378579348738251E-002
   29.219999999999999        2.0378696869819312E-002
   29.240000000000002        2.0378753067673002E-002
   29.260000000000002        2.0378749653691339E-002
   29.280000000000001        2.0378688596236601E-002
   29.300000000000001        2.0378572112520504E-002
   29.320000000000000        2.0378402659886032E-002
   29.340000000000000        2.0378182926518103E-002
   29.359999999999999        2.0377915821608934E-002
   29.379999999999999        2.0377604465006399E-002
   29.400000000000002        2.0377252176373751E-002
   29.420000000000002        2.0376862463890574E-002
   29.440000000000001        2.0376439012525480E-002
   29.460000000000001        2.0375985671912001E-002
   29.480000000000000        2.0375506443859413E-002
   29.500000000000000        2.0375005469531898E-002
   29.520000000000000        2.0374487016328637E-002
   29.539999999999999        2.0373955464499199E-002
   29.560000000000002        2.0373415293528124E-002
   29.580000000000002        2.0372871068323452E-002
   29.600000000000001        2.0372327425243864E-002
   29.620000000000001        2.0371789057999596E-002
   29.640000000000001        2.0371260703462072E-002
   29.660000000000000        2.0370747127417474E-002
   29.680000000000000        2.0370253110299198E-002
   29.699999999999999        2.0369783432934146E-002
   29.719999999999999        2.0369342862337630E-002
   29.740000000000002        2.0368936137591054E-002
   29.760000000000002        2.0368567955836643E-002
   29.780000000000001        2.0368242958422579E-002
   29.800000000000001        2.0367965717231762E-002
   29.820000000000000        2.0367740721226525E-002
   29.840000000000000        2.0367572363241212E-002
   29.859999999999999        2.0367464927053575E-002
   29.879999999999999        2.0367422574765436E-002
   29.900000000000002        2.0367449334521753E-002
   29.920000000000002        2.0367549088596934E-002
   29.940000000000001        2.0367725561875605E-002
   29.960000000000001        2.0367982310754547E-002
   29.980000000000000        2.0368322712490960E-002
