2 100.00000000000000 4.9260145727413537E-003
3 100.00000000000000 5.0232181616967101E-003
4 100.00000000000000 5.0243904635647926E-003
5 100.00000000000000 5.0243992407134680E-003
6 100.00000000000000 5.0243992890620639E-003
7 100.00000000000000 5.0243992892588206E-003
8 100.00000000000000 5.0243992892594746E-003
9 100.00000000000000 5.0243992892594737E-003
10 100.00000000000000 5.0243992892594755E-003
11 100.00000000000000 5.0243992892594746E-003
12 100.00000000000000 5.0243992892594711E-003
13 100.00000000000000 5.0243992892594702E-003
14 100.00000000000000 5.0243992892594746E-003
15 100.00000000000000 5.0243992892594737E-003
16 100.00000000000000 5.0243992892594729E-003
17 100.00000000000000 5.0243992892594737E-003
18 100.00000000000000 5.0243992892594772E-003
19 100.00000000000000 5.0243992892594711E-003
20 100.00000000000000 5.0243992892594720E-003
