4 100.00000000000000 0.0000000000000000
6 100.00000000000000 0.0000000000000000
8 100.00000000000000 0.0000000000000000
10 100.00000000000000 0.0000000000000000
12 100.00000000000000 0.0000000000000000
14 100.00000000000000 0.0000000000000000
16 100.00000000000000 0.0000000000000000
18 100.00000000000000 0.0000000000000000
20 100.00000000000000 0.0000000000000000
22 100.00000000000000 0.0000000000000000
24 100.00000000000000 0.0000000000000000
26 100.00000000000000 0.0000000000000000
28 100.00000000000000 0.0000000000000000
30 100.00000000000000 0.0000000000000000
32 100.00000000000000 0.0000000000000000
34 100.00000000000000 0.0000000000000000
36 100.00000000000000 0.0000000000000000
38 100.00000000000000 0.0000000000000000
40 100.00000000000000 0.0000000000000000
4
6
8
10
12
14
16
18
20
22
24
26
28
30
32
34
36
38
40
