0.2 4.8505172225803096E-003
0.4 1.0432104500143705E-002
0.6 1.9738159336820413E-002
0.8 4.7273094095629173E-002
1.0 8.6281103591774322E-002

0.2 -2.7458238002830500E-003
0.4 -5.1641093390356425E-005
0.6 3.6465668742710194E-004
0.8 -4.3711482719578408E-003
1.0 1.1034481333652976E-002

0.2 7.5601646419802731E-003
0.4 1.5667832533879478E-002
0.6 2.3535316609554442E-002
0.8 3.0744484602483382E-002
1.0 6.5886970247020046E-002

0.2 7.5666212817726191E-003
0.4 1.5691571089155223E-002
0.6 2.4553380997623577E-002
0.8 3.3005119074263671E-002
1.0 6.8139836675995255E-002

0.2 -2.7451086339636819E-003
0.4 -5.1249609141936819E-005
0.6 4.0522890185413081E-004
0.8 -4.2774210058306944E-003
1.0 1.1111020740424261E-002

0.2 5.9503738346685263E-003
0.4 1.9420354210454981E-002
0.6 3.6956889698259270E-002
0.8 5.9529539234739894E-002
1.0 6.1411016417383148E-002
