   0.0000000000000000        0.0000000000000000     
   5.0000000000000003E-002   2.4854531250000008E-005
  0.10000000000000001        9.8675941095141824E-005
  0.15000000000000002        2.1999649209963602E-004
  0.20000000000000001        3.8689233917322847E-004
  0.25000000000000000        5.9700751004983070E-004
  0.30000000000000004        8.4758205773401314E-004
  0.35000000000000003        1.1354840522491572E-003
  0.40000000000000002        1.4572450424716794E-003
  0.45000000000000001        1.8090985865519740E-003
  0.50000000000000000        2.1870214217015061E-003
  0.55000000000000004        2.5867768212112455E-003
  0.60000000000000009        3.0039596686494748E-003
  0.65000000000000002        3.4340427664010793E-003
  0.70000000000000007        3.8724238881332248E-003
  0.75000000000000000        4.3144730824248101E-003
  0.80000000000000004        4.7555797376437258E-003
  0.85000000000000009        5.1911989261063185E-003
  0.90000000000000002        5.6168965584637550E-003
  0.95000000000000007        6.0283928969350337E-003
   1.0000000000000000        6.4216039982032116E-003
   1.0500000000000000        6.7926806832211825E-003
   1.1000000000000001        7.1380446615070207E-003
   1.1500000000000001        7.4544214713787981E-003
   1.2000000000000002        7.7388699345858711E-003
   1.2500000000000000        7.9888078635094919E-003
   1.3000000000000000        8.2020338010794919E-003
   1.3500000000000001        8.3767446173165436E-003
   1.4000000000000001        8.5115488314790877E-003
   1.4500000000000002        8.6054755746809361E-003
   1.5000000000000000        8.6579791540578079E-003
   1.5500000000000000        8.6689392256098455E-003
   1.6000000000000001        8.6386566282512477E-003
   1.6500000000000001        8.5678449758895582E-003
   1.7000000000000002        8.4576181470856215E-003
   1.7500000000000000        8.3094738525823792E-003
   1.8000000000000000        8.1252734993348986E-003
   1.8500000000000001        7.9072186052534729E-003
   1.9000000000000001        7.6578240513491928E-003
   1.9500000000000002        7.3798884870451120E-003
   2.0000000000000000        7.0764622298259677E-003
   2.0500000000000003        6.7508130219248313E-003
   2.1000000000000001        6.4063900242107364E-003
   2.1499999999999999        6.0467864407163421E-003
   2.2000000000000002        5.6757011762434287E-003
   2.2500000000000000        5.2968999341680397E-003
   2.3000000000000003        4.9141761619424084E-003
   2.3500000000000001        4.5313122479106417E-003
   2.4000000000000004        4.1520413650146170E-003
   2.4500000000000002        3.7800103449060832E-003
   2.5000000000000000        3.4187439500790364E-003
   2.5500000000000003        3.0716108921120810E-003
   2.6000000000000001        2.7417919212164282E-003
   2.6500000000000004        2.4322502863079322E-003
   2.7000000000000002        2.1457048360754021E-003
   2.7500000000000000        1.8846060003428120E-003
   2.8000000000000003        1.6511148577809350E-003
   2.8500000000000001        1.4470854610928981E-003
   2.9000000000000004        1.2740505545695364E-003
   2.9500000000000002        1.1332107817838470E-003
   3.0000000000000000        1.0254274435733378E-003
   3.0500000000000003        9.5121882874814974E-004
   3.1000000000000001        9.1076010256057390E-004
   3.1500000000000004        9.0388670126796027E-004
   3.2000000000000002        9.3010114549343730E-004
   3.2500000000000000        9.8858315089747129E-004
   3.3000000000000003        1.0782028822581761E-003
   3.3500000000000001        1.1975371667354122E-003
   3.4000000000000004        1.3448884541522855E-003
   3.4500000000000002        1.5183062868271639E-003
   3.5000000000000000        1.7156110190573606E-003
   3.5500000000000003        1.9344195069856379E-003
   3.6000000000000001        2.1721724734308119E-003
   3.6500000000000004        2.4261632394551279E-003
   3.7000000000000002        2.6935675050576771E-003
   3.7500000000000000        2.9714738554709698E-003
   3.8000000000000003        3.2569146671052591E-003
   3.8500000000000001        3.5468970882035510E-003
   3.9000000000000004        3.8384337736743590E-003
   3.9500000000000002        4.1285730612592719E-003
   4.0000000000000000        4.4144282870346805E-003
   4.0499999999999998        4.6932059520771400E-003
   4.1000000000000005        4.9622324687455541E-003
   4.1500000000000004        5.2189792342309076E-003
   4.2000000000000002        5.4610858005507143E-003
   4.2500000000000000        5.6863809337566384E-003
   4.2999999999999998        5.8929013804968995E-003
   4.3500000000000005        6.0789081869337281E-003
   4.4000000000000004        6.2429004430524454E-003
   4.4500000000000002        6.3836263542983102E-003
   4.5000000000000000        6.5000915719204272E-003
   4.5499999999999998        6.5915647430703165E-003
   4.6000000000000005        6.6575802712791369E-003
   4.6500000000000004        6.6979383071122060E-003
   4.7000000000000002        6.7127020172716677E-003
   4.7500000000000000        6.7021922078996012E-003
   4.8000000000000007        6.6669794040518440E-003
   4.8500000000000005        6.6078735120120163E-003
   4.9000000000000004        6.5259112140617428E-003
   4.9500000000000002        6.4223412663042103E-003
   5.0000000000000000        6.2986078889667374E-003
   5.0500000000000007        6.1563324551223092E-003
   5.1000000000000005        5.9972936978354065E-003
   5.1500000000000004        5.8234066672480751E-003
   5.2000000000000002        5.6367006780007134E-003
   5.2500000000000000        5.4392964935803022E-003
   5.3000000000000007        5.2333829976884327E-003
   5.3500000000000005        5.0211936035321958E-003
   5.4000000000000004        4.8049826501019455E-003
   5.4500000000000002        4.5870020300767785E-003
   5.5000000000000000        4.3694782870840150E-003
   5.5500000000000007        4.1545904107502902E-003
   5.6000000000000005        3.9444485464595275E-003
   5.6500000000000004        3.7410738231391945E-003
   5.7000000000000002        3.5463794869117602E-003
   5.7500000000000000        3.3621535112716584E-003
   5.8000000000000007        3.1900428357914058E-003
   5.8500000000000005        3.0315393654495098E-003
   5.9000000000000004        2.8879678417404759E-003
   5.9500000000000002        2.7604756750154820E-003
   6.0000000000000000        2.6500248052553415E-003
   6.0500000000000007        2.5573856359418267E-003
   6.1000000000000005        2.4831330631140710E-003
   6.1500000000000004        2.4276445993144423E-003
   6.2000000000000002        2.3911005701774961E-003
   6.2500000000000000        2.3734863401218527E-003
   6.3000000000000007        2.3745965031822533E-003
   6.3500000000000005        2.3940409556689186E-003
   6.4000000000000004        2.4312527492490032E-003
   6.4500000000000002        2.4854976063796025E-003
   6.5000000000000000        2.5558849649333745E-003
   6.5500000000000007        2.6413804054770573E-003
   6.6000000000000005        2.7408193030996463E-003
   6.6500000000000004        2.8529215360287704E-003
   6.7000000000000002        2.9763070755867622E-003
   6.7500000000000000        3.1095122763654236E-003
   6.8000000000000007        3.2510066818615610E-003
   6.8500000000000005        3.3992101592124116E-003
   6.9000000000000004        3.5525101770778550E-003
   6.9500000000000002        3.7092790430904854E-003
   7.0000000000000000        3.8678909215700366E-003
   7.0500000000000007        4.0267384582917216E-003
   7.1000000000000005        4.1842488469064198E-003
   7.1500000000000004        4.3388991810162309E-003
   7.2000000000000002        4.4892309467782837E-003
   7.2500000000000000        4.6338635230963356E-003
   7.3000000000000007        4.7715065698062820E-003
   7.3500000000000005        4.9009711986007752E-003
   7.4000000000000004        5.0211798365957620E-003
   7.4500000000000002        5.1311747082378222E-003
   7.5000000000000000        5.2301248775032073E-003
   7.5500000000000007        5.3173318088630388E-003
   7.6000000000000005        5.3922334221008904E-003
   7.6500000000000004        5.4544066325889007E-003
   7.7000000000000002        5.5035683848801064E-003
   7.7500000000000000        5.5395752032893868E-003
   7.8000000000000007        5.5624212983515550E-003
   7.8500000000000005        5.5722352825119340E-003
   7.9000000000000004        5.5692755619819907E-003
   7.9500000000000002        5.5539244842529928E-003
   8.0000000000000000        5.5266813321904612E-003
   8.0500000000000007        5.4881542658322766E-003
   8.0999999999999996        5.4390513219000833E-003
   8.1500000000000004        5.3801705885395297E-003
   8.2000000000000011        5.3123896788787612E-003
   8.2500000000000000        5.2366546316017218E-003
   8.3000000000000007        5.1539683698558275E-003
   8.3499999999999996        5.0653788514508497E-003
   8.4000000000000004        4.9719670434725596E-003
   8.4500000000000011        4.8748348531615039E-003
   8.5000000000000000        4.7750931442401504E-003
   8.5500000000000007        4.6738499638701953E-003
   8.5999999999999996        4.5721991001600537E-003
   8.6500000000000004        4.4712090837052479E-003
   8.7000000000000011        4.3719127391289823E-003
   8.7500000000000000        4.2752973841022005E-003
   8.8000000000000007        4.1822957639769918E-003
   8.8499999999999996        4.0937778000859097E-003
   8.9000000000000004        4.0105432190692724E-003
   8.9500000000000011        3.9333151194241370E-003
   9.0000000000000000        3.8627345199553843E-003
   9.0500000000000007        3.7993559230854361E-003
   9.0999999999999996        3.7436439141781824E-003
   9.1500000000000004        3.6959708062857997E-003
   9.2000000000000011        3.6566153281623165E-003
   9.2500000000000000        3.6257623421280523E-003
   9.3000000000000007        3.6035035675309086E-003
   9.3499999999999996        3.5898392752438959E-003
   9.4000000000000004        3.5846809089639009E-003
   9.4500000000000011        3.5878545801267775E-003
   9.5000000000000000        3.5991053751097766E-003
   9.5500000000000007        3.6181024061251810E-003
   9.6000000000000014        3.6444445308782317E-003
   9.6500000000000004        3.6776666607156515E-003
   9.7000000000000011        3.7172465726640911E-003
   9.7500000000000000        3.7626121374739535E-003
   9.8000000000000007        3.8131488735546754E-003
   9.8500000000000014        3.8682077355117975E-003
   9.9000000000000004        3.9271130458615501E-003
   9.9500000000000011        3.9891704793812805E-003
   10.000000000000000        4.0536750114191795E-003
   10.050000000000001        4.1199187442894150E-003
   10.100000000000001        4.1871985295645212E-003
   10.150000000000000        4.2548233085828125E-003
   10.200000000000001        4.3221210987436781E-003
   10.250000000000000        4.3884455590905659E-003
   10.300000000000001        4.4531820751966822E-003
   10.350000000000001        4.5157533103843276E-003
   10.400000000000000        4.5756241777335262E-003
   10.450000000000001        4.6323061950753293E-003
   10.500000000000000        4.6853611931246403E-003
   10.550000000000001        4.7344043549911200E-003
   10.600000000000001        4.7791065734198012E-003
   10.650000000000000        4.8191961201631932E-003
   10.700000000000001        4.8544596297836681E-003
   10.750000000000000        4.8847424078431378E-003
   10.800000000000001        4.9099480807755771E-003
   10.850000000000001        4.9300376116806262E-003
   10.900000000000000        4.9450277127551026E-003
   10.950000000000001        4.9549886910306932E-003
   11.000000000000000        4.9600417694564396E-003
   11.050000000000001        4.9603559301066771E-003
   11.100000000000001        4.9561443303709094E-003
   11.150000000000000        4.9476603463618216E-003
   11.200000000000001        4.9351933004401442E-003
   11.250000000000000        4.9190639316884542E-003
   11.300000000000001        4.8996196693665180E-003
   11.350000000000001        4.8772297698536317E-003
   11.400000000000000        4.8522803773419368E-003
   11.450000000000001        4.8251695676102546E-003
   11.500000000000000        4.7963024326095893E-003
   11.550000000000001        4.7660862613646470E-003
   11.600000000000001        4.7349258698833564E-003
   11.650000000000000        4.7032191294163151E-003
   11.700000000000001        4.6713527385735245E-003
   11.750000000000000        4.6396982805447570E-003
   11.800000000000001        4.6086086020432340E-003
   11.850000000000001        4.5784145456644046E-003
   11.900000000000000        4.5494220621881687E-003
   11.950000000000001        4.5219097240216891E-003
   12.000000000000000        4.4961266555483756E-003
   12.050000000000001        4.4722908906950059E-003
   12.100000000000001        4.4505881627952331E-003
   12.150000000000000        4.4311711290728733E-003
   12.200000000000001        4.4141590408984686E-003
   12.250000000000000        4.3996372982774701E-003
   12.300000000000001        4.3876284674146055E-003
   12.350000000000001        4.3771776869122436E-003
   12.400000000000000        4.3437449160719250E-003
   12.450000000000001        3.7615075898039568E-003
   12.500000000000000       -7.0895394385275213E-003
   12.550000000000001      -0.17691038194483952     
   12.600000000000001       -2.0623619145342125     
   12.650000000000000       -1.8444275117473814     
   12.700000000000001        814.30721934220094     
   12.750000000000000        32119.195313441985     
   12.800000000000001        886789.79997467226     
   12.850000000000001        20355005.446755435     
   12.900000000000000        403163686.15231079     
   12.950000000000001        6787925424.3370142     
   13.000000000000000        87768174667.461807     
   13.050000000000001        495957119405.75299     
   13.100000000000001        13292527953406.922     
   13.150000000000000       -72564744853618.422     
   13.200000000000001        91159324840584.891     
   13.250000000000000       -60976253785714.578     
   13.300000000000001        85363894606959.031     
   13.350000000000001        33255891968761.453     
   13.400000000000000       -37857209141446.109     
   13.450000000000001        4509713217514.9180     
   13.500000000000000       -6174490300826.0840     
   13.550000000000001        15255216140155.547     
   13.600000000000001        182750126940194.75     
   13.650000000000000        118752575510599.47     
   13.700000000000001        38160468846075.266     
   13.750000000000000       -150823213134806.56     
   13.800000000000001        75303797407236.453     
   13.850000000000001        62805187924695.164     
   13.900000000000000        926374545785.13782     
   13.950000000000001       -44564029170866.125     
   14.000000000000000        40784760444649.484     
   14.050000000000001       -19761300355935.215     
   14.100000000000001        154278160050298.69     
   14.150000000000000        60556486776451.820     
   14.200000000000001       -34103151214445.613     
   14.250000000000000       -57162378963975.672     
   14.300000000000001        8043339996309.2900     
   14.350000000000001        25739857082506.324     
   14.400000000000000        29275979058033.512     
   14.450000000000001       -16077662560737.170     
   14.500000000000000        96093306594812.188     
   14.550000000000001       -66444715469644.328     
   14.600000000000001       -648664158502759.50     
   14.650000000000000        71443053058081.688     
   14.700000000000001       -33259003196237.023     
   14.750000000000000       -17316904165257.043     
   14.800000000000001       -159167782806669.03     
   14.850000000000001       -59759535532219.117     
   14.900000000000000       -228210094670516.31     
   14.950000000000001        289648201655774.00     
   15.000000000000000        86181800293788.719     
   15.050000000000001       -106877068379510.12     
   15.100000000000001        23793745857204.273     
   15.150000000000000       -2218017526821.9956     
   15.200000000000001        73427995215491.359     
   15.250000000000000        3122435827927259.0     
   15.300000000000001        225982720531329.75     
   15.350000000000001        154615696469098.81     
   15.400000000000000        144649168142676.41     
   15.450000000000001       -47982410598172.750     
   15.500000000000000        47934638387214.031     
   15.550000000000001        4094867525491.9614     
   15.600000000000001       -30750146831905.609     
   15.650000000000000       -63756954084464.984     
   15.700000000000001        76197671993278.141     
   15.750000000000000        88854062171922.891     
   15.800000000000001       -18523066329158.379     
   15.850000000000001       -90731699264964.797     
   15.900000000000000        24663143929496.684     
   15.950000000000001       -76298901481426.844     
   16.000000000000000       -3207235737788686.5     
   16.050000000000001       -30367195690436.031     
   16.100000000000001        1095024245117424.8     
   16.150000000000002       -149502012056047.16     
   16.199999999999999       -48609278452248.836     
   16.250000000000000        56474443322992.008     
   16.300000000000001       -29423281107557.656     
   16.350000000000001        28429924127401.105     
   16.400000000000002       -20413114483581.473     
   16.449999999999999        11714140219815.998     
   16.500000000000000       -374815204875318.62     
   16.550000000000001       -351121521504135.00     
   16.600000000000001       -105389202573722.84     
   16.650000000000002       -69412465174009.023     
   16.699999999999999       -99388900483789.312     
   16.750000000000000        1099845452062406.6     
   16.800000000000001        5626985896182.9346     
   16.850000000000001        24593254457652.406     
   16.900000000000002       -36192710917353.250     
   16.949999999999999       -118801500270376.11     
   17.000000000000000       -46907689599278.031     
   17.050000000000001       -99530056061084.375     
   17.100000000000001       -274572221476288.53     
   17.150000000000002       -144982924776154.19     
   17.199999999999999       -5891181009226.5703     
   17.250000000000000        6092923181243.9873     
   17.300000000000001        13187827047246.205     
   17.350000000000001        89736885866161.891     
   17.400000000000002        32788650268507.660     
   17.449999999999999       -76092089831834.203     
   17.500000000000000       -150733560956383.06     
   17.550000000000001        233508575373482.59     
   17.600000000000001       -11577636513635.883     
   17.650000000000002        10427073300102.025     
   17.699999999999999        149869415389036.16     
   17.750000000000000       -27060771112411.367     
   17.800000000000001        75420138349634.875     
   17.850000000000001       -35012332270588.219     
   17.900000000000002        166480132630515.47     
   17.949999999999999       -16940943290616.691     
   18.000000000000000       -12756905046584.320     
   18.050000000000001       -1524515228608.0178     
   18.100000000000001       -38895095244438.969     
   18.150000000000002       -24218930536662.262     
   18.199999999999999        230207924344644.06     
   18.250000000000000       -51349402023239.922     
   18.300000000000001        17662808114755.379     
   18.350000000000001       -64128457187672.031     
   18.400000000000002       -26827234629205.836     
   18.449999999999999       -5242053226432.0596     
   18.500000000000000        9592927503985.6699     
   18.550000000000001        250214356009257.50     
   18.600000000000001        109387060855181.81     
   18.650000000000002        28095493776364.340     
   18.699999999999999       -72884908471666.047     
   18.750000000000000        55176354809017.008     
   18.800000000000001       -37103050233137.102     
   18.850000000000001        26415800363383.863     
   18.900000000000002       -162782169881912.59     
   18.949999999999999       -35735647915164.266     
   19.000000000000000       -115870548261089.06     
   19.050000000000001       -110362556120876.91     
   19.100000000000001       -37121353100901.219     
   19.150000000000002       -87147042212925.031     
   19.200000000000003       -30661804752935.742     
   19.250000000000000        36819277709284.906     
   19.300000000000001       -1826660229293.5432     
   19.350000000000001       -88896899732072.641     
   19.400000000000002        208595342833920.38     
   19.450000000000003        260037779637797.00     
   19.500000000000000       -37832848684751.211     
   19.550000000000001       -217815834748674.16     
   19.600000000000001        55119349357249.992     
   19.650000000000002       -14797770227377.922     
   19.700000000000003       -2709389348034.4849     
   19.750000000000000        11625273946502.271     
   19.800000000000001        30172091150884.562     
   19.850000000000001       -23853486018692.570     
   19.900000000000002       -123108578921275.52     
   19.950000000000003       -120828753424343.42     
   20.000000000000000       -116525579083560.41     
   20.050000000000001        25768607314528.348     
   20.100000000000001        12454482614280.664     
   20.150000000000002       -14531452887461.463     
   20.200000000000003       -27959846028013.340     
   20.250000000000000       -27054558930850.109     
   20.300000000000001        83769716647900.656     
   20.350000000000001       -111550927289124.64     
   20.400000000000002       -1941698704741557.2     
   20.450000000000003       -48364074239426.984     
   20.500000000000000        21791299332707.176     
   20.550000000000001        8640500714864.9912     
   20.600000000000001        204982706953809.62     
   20.650000000000002        340442763930971.06     
   20.700000000000003        99085736442504160.     
   20.750000000000000        125092981081695.17     
   20.800000000000001       -36746404156623.000     
   20.850000000000001       -61964953739615.539     
   20.900000000000002        190515836508758.16     
   20.950000000000003        6005047745975.5176     
   21.000000000000000        17478567711537.777     
   21.050000000000001       -45932442889633.500     
   21.100000000000001       -37083784555217.805     
   21.150000000000002       -90509532325343.625     
   21.200000000000003        40052268600996.766     
   21.250000000000000       -110021379103046.47     
   21.300000000000001       -23701863574299.664     
   21.350000000000001       -8866961224930.3320     
   21.400000000000002       -253755730200561.66     
   21.450000000000003       -16227532637142.752     
   21.500000000000000        27327674237346.531     
   21.550000000000001       -71917774970097.828     
   21.600000000000001       -43635957098469.742     
   21.650000000000002        33530517029386.992     
   21.700000000000003       -30138871767887.344     
   21.750000000000000       -61325439268387.250     
   21.800000000000001       -18929868654434.242     
   21.850000000000001        42860351179873.188     
   21.900000000000002       -47080207772461.516     
   21.950000000000003       -270980673060756.09     
   22.000000000000000       -41471121983926.406     
   22.050000000000001       -321080324873271.00     
   22.100000000000001        26394698168565.379     
   22.150000000000002       -5848351802570.5430     
   22.200000000000003        1585255802451.6289     
   22.250000000000000       -61250677176874.398     
   22.300000000000001        33622675158289.059     
   22.350000000000001        1638969639807365.8     
   22.400000000000002        47137713110286.352     
   22.450000000000003        59186303141687.766     
   22.500000000000000       -28627871222557.855     
   22.550000000000001        20188595861462.336     
   22.600000000000001       -18579626457752.188     
   22.650000000000002        13458384639269.447     
   22.700000000000003        28284789661071.543     
   22.750000000000000       -342930940924686.00     
   22.800000000000001        493442175593091.44     
   22.850000000000001       -43189612856213.930     
   22.900000000000002        37668945024337.711     
   22.950000000000003        61669980488198.906     
   23.000000000000000        5972209785944.4619     
   23.050000000000001        6375048816355.7236     
   23.100000000000001       -62739573046871.125     
   23.150000000000002       -30519218151746.770     
   23.200000000000003       -111937005828067.91     
   23.250000000000000        42917727750505.109     
   23.300000000000001       -47329271817838.031     
   23.350000000000001        21988858469818.523     
   23.400000000000002        829878025667990.75     
   23.450000000000003       -1277192481447.3267     
   23.500000000000000        51041243339395.156     
   23.550000000000001        22641202872771.277     
   23.600000000000001       -34887175907277.168     
   23.650000000000002       -145553296173734.97     
   23.700000000000003       -57866238229761.555     
   23.750000000000000        37646518006566.188     
   23.800000000000001        13045551405681.646     
   23.850000000000001        4882084756979.8184     
   23.900000000000002        35072002067265.090     
   23.950000000000003        435780209813638.69     
   24.000000000000000       -31151252289217.926     
   24.050000000000001       -292698981169379.00     
   24.100000000000001       -131304085674382.55     
   24.150000000000002        97437468763778.719     
   24.200000000000003       -20727246196131.320     
   24.250000000000000       -8948236028947.0508     
   24.300000000000001        4674486714711.2236     
   24.350000000000001       -28937031344407.137     
   24.400000000000002       -43166013396297.672     
   24.450000000000003        28738316299376.438     
   24.500000000000000       -58548722378898.820     
   24.550000000000001        684688558301103.38     
   24.600000000000001       -39830675202862.484     
   24.650000000000002        902106285082812.25     
   24.700000000000003        2209415008477.4893     
   24.750000000000000        35181531710770.852     
   24.800000000000001       -24181327356673.188     
   24.850000000000001       -35260735288097.969     
   24.900000000000002       -45669573865689.469     
   24.950000000000003        120887371644840.89     
   25.000000000000000        31803417598561.352     
   25.050000000000001        20375109096386.414     
   25.100000000000001        2983351265236.9414     
   25.150000000000002        77097846851774.547     
   25.200000000000003       -35144650190958.832     
   25.250000000000000        77006210758810.719     
   25.300000000000001       -353934968874116.25     
   25.350000000000001       -65437230140052.578     
   25.400000000000002        113768759505449.11     
   25.450000000000003       -16912839825700.736     
   25.500000000000000       -3608994845550.6782     
   25.550000000000001        300637874258741.50     
   25.600000000000001        89196718560908.016     
   25.650000000000002       -195447860352226.31     
   25.700000000000003        129598389112875.00     
   25.750000000000000       -242583274974820.69     
   25.800000000000001       -38660339122914.789     
   25.850000000000001       -19923340073645.574     
   25.900000000000002        92950294974059.359     
   25.950000000000003        25421755382802.273     
   26.000000000000000        98896827287165.469     
   26.050000000000001       -23783848838581.570     
   26.100000000000001       -115215598087076.14     
   26.150000000000002        68179035250227.922     
   26.200000000000003       -80358169585794.547     
   26.250000000000000        41894136223031.664     
   26.300000000000001       -17937632471590.898     
   26.350000000000001        183672784015.05035     
   26.400000000000002       -31323307071995.797     
   26.450000000000003       -104031662578720.89     
   26.500000000000000       -151117192503791.00     
   26.550000000000001       -69395471807657.453     
   26.600000000000001        92780430852514.906     
   26.650000000000002       -243225862321086.81     
   26.700000000000003       -28296385983901.773     
   26.750000000000000        25439977495377.988     
   26.800000000000001        25872754003341.867     
   26.850000000000001       -26675558348994.664     
   26.900000000000002       -78178928696438.375     
   26.950000000000003        30308038639735.543     
   27.000000000000000        59830412929637.672     
   27.050000000000001       -26382668317531.961     
   27.100000000000001       -93317405115732.438     
   27.150000000000002        7558198690248.3643     
   27.200000000000003       -5851314649516.1553     
   27.250000000000000       -266507104667957.22     
   27.300000000000001        19461698233681.164     
   27.350000000000001       -83678168537679.641     
   27.400000000000002       -32738387316065.754     
   27.450000000000003        230376599650356.00     
   27.500000000000000        66916529160884.242     
   27.550000000000001        10449402565621.408     
   27.600000000000001       -3037255256870.3252     
   27.650000000000002        12528729048611.154     
   27.700000000000003        77446663577953.625     
   27.750000000000000        36314519708025.242     
   27.800000000000001       -142069698452801.72     
   27.850000000000001       -100032454574497.59     
   27.900000000000002        48898079258837.508     
   27.950000000000003        28309979452767.785     
   28.000000000000000       -13375707007617.629     
   28.050000000000001       -15281342116944.721     
   28.100000000000001        76894558972061.094     
   28.150000000000002       -71850129926144.578     
   28.200000000000003       -88889699321146.656     
   28.250000000000000       -19077486801183.125     
   28.300000000000001       -18433295775485.754     
   28.350000000000001        42848398459389.680     
   28.400000000000002        4817636572177.5127     
   28.450000000000003       -13203783565622.721     
   28.500000000000000       -17268677484217.709     
   28.550000000000001       -27579180520250.648     
   28.600000000000001       -71216970575260.344     
   28.650000000000002       -48292662815460.164     
   28.700000000000003        25919111745430.152     
   28.750000000000000        207111204110144.47     
   28.800000000000001        10528194046118.211     
   28.850000000000001       -34187573273530.734     
   28.900000000000002       -39086992936283.422     
   28.950000000000003       -31983837157734.887     
   29.000000000000000       -23454840923396.535     
   29.050000000000001       -25345877116809.941     
   29.100000000000001       -32541103975928.359     
   29.150000000000002        54734377131366.547     
   29.200000000000003        7690144009058.1631     
   29.250000000000000       -4652078371821.7852     
   29.300000000000001       -41856080672909.383     
   29.350000000000001       -217974618204095.91     
   29.400000000000002       -137782124648105.39     
   29.450000000000003       -20223020761103.332     
   29.500000000000000       -141136712958676.97     
   29.550000000000001        20822399654618.309     
   29.600000000000001       -15307158600011.074     
   29.650000000000002       -58732462714711.711     
   29.700000000000003       -57515972755789.664     
   29.750000000000000       -13678968553911.764     
   29.800000000000001       -276461163901957.66     
   29.850000000000001       -21055169557274.336     
   29.900000000000002       -93919390726028.344     
   29.950000000000003        233600437723958.62     
   30.000000000000000        29618467964342.250     
   30.050000000000001       -58553831275553.539     
   30.100000000000001        15891068805703.307     
   30.150000000000002       -1177246188222375.5     
   30.200000000000003       -25061995903770.250     
   30.250000000000000        68688694087040.273     
   30.300000000000001       -225084250579444.81     
   30.350000000000001       -1002064402657890.4     
   30.400000000000002        52251979213337.797     
   30.450000000000003        13867181644619.201     
   30.500000000000000       -3023899536041.9204     
   30.550000000000001       -203453665517427.00     
   30.600000000000001        19875038054865.137     
   30.650000000000002        745118184678866.50     
   30.700000000000003       -120093513571642.62     
   30.750000000000000        50296164192250.422     
   30.800000000000001        45017243214353.820     
   30.850000000000001       -18910440311269.680     
   30.900000000000002        6245800282645.4365     
   30.950000000000003        84906890574125.156     
   31.000000000000000        12238484307962.744     
   31.050000000000001        82548245415758.562     
   31.100000000000001       -1911008497003575.0     
   31.150000000000002        250535086827025.41     
   31.200000000000003       -41408252391450.508     
   31.250000000000000       -52167281616515.922     
   31.300000000000001       -59295897858000.977     
   31.350000000000001       -10190873799696.643     
   31.400000000000002       -42570348100100.414     
   31.450000000000003       -134240536435974.95     
   31.500000000000000       -681613334366601.00     
   31.550000000000001        49173126462269.750     
   31.600000000000001        251926752991870.25     
   31.650000000000002       -25210125504070.805     
   31.700000000000003       -18834944726560.293     
   31.750000000000000        926320250927.97229     
   31.800000000000001        15993179647556.150     
   31.850000000000001        46793020722794.945     
   31.900000000000002        44766033955811.789     
   31.950000000000003       -221020457257505.62     
   32.000000000000000       -640979379342316.25     
   32.050000000000004        53579770789695.523     
   32.100000000000001        31208625688601.504     
   32.149999999999999       -35367054731756.312     
   32.200000000000003       -13967240380944.336     
   32.250000000000000        26592314124606.652     
   32.300000000000004        252138022692813.03     
   32.350000000000001       -69293265275564.141     
   32.399999999999999        33725568612115.004     
   32.450000000000003       -104032570688492.98     
   32.500000000000000       -31489707955301.188     
   32.550000000000004       -40980683291412.328     
   32.600000000000001        7513182173456.7197     
   32.649999999999999        26254216788946.543     
   32.700000000000003       -27169687814356.691     
   32.750000000000000       -42387474900749.305     
   32.800000000000004        90120645520354.812     
   32.850000000000001       -25126163188004.938     
   32.899999999999999       -245804785239021.03     
   32.950000000000003        18575667657221.586     
   33.000000000000000        3178252770503.8159     
   33.050000000000004        51978561469844.812     
   33.100000000000001        42604095360451.875     
   33.149999999999999       -247905489170544.94     
   33.200000000000003        64721887649373.383     
   33.250000000000000       -27807344940656.598     
   33.300000000000004        60286681537377.141     
   33.350000000000001       -29197951198401.801     
   33.399999999999999        25166755991139.406     
   33.450000000000003        37483278443082.367     
   33.500000000000000       -102837218178125.06     
   33.550000000000004       -46713700141685.758     
   33.600000000000001        17957048517947.715     
   33.649999999999999        110857397699472.72     
   33.700000000000003        28183747825206.152     
   33.750000000000000       -30542246700067.457     
   33.800000000000004       -5430505459302.1045     
   33.850000000000001        13855800225006.148     
   33.899999999999999       -144223245633619.72     
   33.950000000000003        181370586842874.84     
   34.000000000000000       -1886152648013429.8     
   34.050000000000004        220777563258738.81     
   34.100000000000001       -89504301968728.375     
   34.149999999999999        128257153209274.81     
   34.200000000000003       -14136745917320.695     
   34.250000000000000        13963847764392.260     
   34.300000000000004        22751576629428.137     
   34.350000000000001        18817893998566.707     
   34.399999999999999        25272906333222.059     
   34.450000000000003       -37080999571483.695     
   34.500000000000000       -65311929539574.344     
   34.550000000000004        98384605585463.047     
   34.600000000000001       -34426978859148.840     
   34.649999999999999        249584099605.50192     
   34.700000000000003       -18234404724330.480     
   34.750000000000000       -23320293025293.477     
   34.800000000000004       -97535630532704.047     
   34.850000000000001        192649995392412.47     
   34.899999999999999       -239869727528708.78     
   34.950000000000003        937184156463822.62     
   35.000000000000000        51930496393483.453     
   35.050000000000004       -13719654151649.943     
   35.100000000000001        120623846347697.48     
   35.149999999999999        42543234790726.969     
   35.200000000000003        43650092851252.062     
   35.250000000000000        33825691958965.355     
   35.300000000000004        133906752833253.53     
   35.350000000000001       -27241434833447.570     
   35.399999999999999       -95586183558850.438     
   35.450000000000003        24389414170505.926     
   35.500000000000000       -66663917829788.031     
   35.550000000000004       -27239607425456.711     
   35.600000000000001        24055606358635.102     
   35.649999999999999        38747852785616.586     
   35.700000000000003        63292382347048.117     
   35.750000000000000       -66892934103704.242     
   35.800000000000004       -69151540943586.047     
   35.850000000000001        72889599628054.938     
   35.899999999999999       -1059770029200.1625     
   35.950000000000003       -20682195133506.164     
   36.000000000000000       -54279247800759.469     
   36.050000000000004       -76998735501321.750     
   36.100000000000001       -29750286618998.039     
   36.149999999999999        67650736400391.117     
   36.200000000000003       -21068376621564.949     
   36.250000000000000       -14949902443264.443     
   36.300000000000004       -4199584912752.1997     
   36.350000000000001       -289159477719287.44     
   36.399999999999999       -24357337361787.035     
   36.450000000000003       -59075519907123.570     
   36.500000000000000        56270569287476.117     
   36.550000000000004        406939119192323.62     
   36.600000000000001        149705146130398.00     
   36.649999999999999        48856295461713.891     
   36.700000000000003        9978043852057.5801     
   36.750000000000000        11100185365483.453     
   36.800000000000004       -85737784912678.625     
   36.850000000000001        93004111052667.031     
   36.899999999999999       -36269921899936.414     
   36.950000000000003       -84543764047474.797     
   37.000000000000000       -54857592559110.742     
   37.050000000000004       -227755054442747.25     
   37.100000000000001        21074324862345.281     
   37.149999999999999        3278414318456.7148     
   37.200000000000003        127713450041182.67     
   37.250000000000000       -13882640782394.166     
   37.300000000000004        213050740533986.28     
   37.350000000000001        71002867137979.516     
   37.399999999999999        31975903583664.016     
   37.450000000000003        30545978591122.363     
   37.500000000000000        81362903329318.562     
   37.550000000000004        4022303919466.6177     
   37.600000000000001        6975266057824.8574     
   37.649999999999999       -34457364792174.000     
   37.700000000000003        54395035643953.172     
   37.750000000000000       -708764110895698.88     
   37.800000000000004       -115350768572297.91     
   37.850000000000001        14582445168088.766     
   37.899999999999999       -23179685429925.918     
   37.950000000000003        31919221269184.691     
   38.000000000000000       -17268185021101.215     
   38.050000000000004       -320787115607874.25     
   38.100000000000001       -47660851606105.484     
   38.149999999999999        273758148411761.22     
   38.200000000000003       -191053134793270.53     
   38.250000000000000        27324161129905.305     
   38.300000000000004        30504929681344.902     
   38.350000000000001        11575301895475.336     
   38.400000000000006       -6673479872166.6064     
   38.450000000000003       -60632701292679.289     
   38.500000000000000       -152354208998969.59     
   38.550000000000004       -30747580937798.512     
   38.600000000000001       -50099981538317.164     
   38.650000000000006        1399608528343975.8     
   38.700000000000003        113951722491972.69     
   38.750000000000000        24508796444971.555     
   38.800000000000004        615065525031.82812     
   38.850000000000001       -56684515766363.812     
   38.900000000000006        131581150659592.84     
   38.950000000000003       -89380189458980.188     
   39.000000000000000       -57898784333388.680     
   39.050000000000004        42858703723789.258     
   39.100000000000001       -150286286528889.22     
   39.150000000000006       -61906544980438.867     
   39.200000000000003       -2310002919417.4087     
   39.250000000000000        238853041059546.34     
   39.300000000000004       -27506327029594.031     
   39.350000000000001       -24365162890210.387     
   39.400000000000006       -52197805894888.641     
   39.450000000000003        105174952007190.83     
   39.500000000000000        82762132717760.969     
   39.550000000000004       -19067511610482.633     
   39.600000000000001       -17667025803031.035     
   39.650000000000006       -10570642325457.604     
   39.700000000000003        16709483798469.703     
   39.750000000000000        504371593985033.94     
   39.800000000000004       -140194655710615.17     
   39.850000000000001        181927173885814.31     
   39.900000000000006       -50472058145564.633     
   39.950000000000003        144026834031336.66     
   40.000000000000000       -112840408073234.30     
   40.050000000000004        9373390332505.7109     
   40.100000000000001        37977298799483.461     
   40.150000000000006       -65459180217846.336     
   40.200000000000003       -312042114736754.69     
   40.250000000000000        31437790387852.566     
   40.300000000000004        44361550710030.438     
   40.350000000000001       -81485874472822.922     
   40.400000000000006       -15845099922613.377     
   40.450000000000003        12381082110751.941     
   40.500000000000000       -10464810082159.041     
   40.550000000000004        18485400428591.762     
   40.600000000000001        67642746885950.969     
   40.650000000000006       -45799943651863.992     
   40.700000000000003       -30557221086439.098     
   40.750000000000000        81124058774775.266     
   40.800000000000004       -12458455112403.809     
   40.850000000000001        8245368872030.3779     
   40.900000000000006        129114687463162.22     
   40.950000000000003       -22284939955757.391     
   41.000000000000000       -30902028678146.684     
   41.050000000000004       -326692139347001.81     
   41.100000000000001        543040879844441.69     
   41.150000000000006       -57947424577205.398     
   41.200000000000003       -43947068636985.867     
   41.250000000000000       -10750770252903.752     
   41.300000000000004        2107311139378.8767     
   41.350000000000001       -13206973007480.377     
   41.400000000000006       -29260725241823.465     
   41.450000000000003        43420961358888.445     
   41.500000000000000        273903133319403.34     
   41.550000000000004        68912068483123.938     
   41.600000000000001       -30536857493353.965     
   41.650000000000006       -42174884536796.648     
   41.700000000000003       -1533949219404.6653     
   41.750000000000000       -31259453775605.211     
   41.800000000000004        104837290822266.67     
   41.850000000000001        84688851370798.062     
   41.900000000000006       -168244620515318.09     
   41.950000000000003       -86478208003753.391     
   42.000000000000000       -96884544759969.922     
   42.050000000000004       -124046173420758.03     
   42.100000000000001        9141449462908.3984     
   42.150000000000006        297072695302510.75     
   42.200000000000003        11697225417889.438     
   42.250000000000000       -7808153193551052.0     
   42.300000000000004        54767665713756.852     
   42.350000000000001        100766959757853.16     
   42.400000000000006       -83388263641817.719     
   42.450000000000003        59179894729778.742     
   42.500000000000000        7514768308777.7441     
   42.550000000000004        3255927320736.5591     
   42.600000000000001       -22695928583226.367     
   42.650000000000006       -85299938138354.000     
   42.700000000000003        22410231907695.605     
   42.750000000000000        34250079716197.863     
   42.800000000000004       -26232387380556.602     
   42.850000000000001       -34713556882390.430     
   42.900000000000006        852892482637271.75     
   42.950000000000003       -524914976297.64441     
   43.000000000000000       -141307285318642.69     
   43.050000000000004       -172147720874043.91     
   43.100000000000001       -1032814361588641.9     
   43.150000000000006        328222169911275.00     
   43.200000000000003       -79993371977258.484     
   43.250000000000000       -35480227727001.734     
   43.300000000000004       -11366156272039.002     
   43.350000000000001        162311937283436.72     
   43.400000000000006        40653215098105.531     
   43.450000000000003        26673091081647.281     
   43.500000000000000        101282547999326.94     
   43.550000000000004       -116020520435515.08     
   43.600000000000001        25832810099319.879     
   43.650000000000006       -47333780595875.750     
   43.700000000000003        50200752032287.766     
   43.750000000000000       -8156448442840.8057     
   43.800000000000004       -3537515011304.5562     
   43.850000000000001        24699533547331.539     
   43.900000000000006        33647190291193.887     
   43.950000000000003       -66050389641415.750     
   44.000000000000000       -206797009253175.12     
   44.050000000000004       -37613093225633.984     
   44.100000000000001       -50224107084369.680     
   44.150000000000006       -18414118936067.363     
   44.200000000000003       -971054698332.69519     
   44.250000000000000        76317436271805.547     
   44.300000000000004        34614482449650.582     
   44.350000000000001        44945863287603.234     
   44.400000000000006       -128344907442894.22     
   44.450000000000003       -54595800568664.562     
   44.500000000000000       -66068095599244.930     
   44.550000000000004       -26336194261726.316     
   44.600000000000001       -20474741183262.656     
   44.650000000000006        20929943409537.973     
   44.700000000000003        65091920321889.820     
   44.750000000000000       -29725215768191.590     
   44.800000000000004       -118477916180108.17     
   44.850000000000001       -43884912876523.023     
   44.900000000000006        73302566428170.641     
   44.950000000000003        28241634652753.605     
   45.000000000000000       -16604026256009.385     
   45.050000000000004        14056322342347.229     
   45.100000000000001        23193742932318.082     
   45.150000000000006       -309026683785145.75     
   45.200000000000003       -3652192084885645.0     
   45.250000000000000        57227973542429.469     
   45.300000000000004        66016762361331.156     
   45.350000000000001        689947888684090.25     
   45.400000000000006        51881544935128.461     
   45.450000000000003       -3855007650468.5977     
   45.500000000000000       -61131905413069.398     
   45.550000000000004        367260767849644.62     
   45.600000000000001        122510583077034.92     
   45.650000000000006       -144101179503841.62     
   45.700000000000003        139450046444358.36     
   45.750000000000000       -32198275079660.027     
   45.800000000000004       -16604870524325120.     
   45.850000000000001        2183377948481.3750     
   45.900000000000006       -6690347580068.9092     
   45.950000000000003       -47218553603290.523     
   46.000000000000000       -110768181893444.08     
   46.050000000000004       -52066968372281.781     
   46.100000000000001        34955370604374.527     
   46.150000000000006       -27768866946485.176     
   46.200000000000003        252171698275624.56     
   46.250000000000000       -8652381280140.7383     
   46.300000000000004        5417520076797.6104     
   46.350000000000001       -25782359617943.750     
   46.400000000000006        25974324160480.906     
   46.450000000000003        89013452857604.125     
   46.500000000000000        22314323590854.574     
   46.550000000000004       -29813527115722.871     
   46.600000000000001        36735578423482.039     
   46.650000000000006       -13954693574809.311     
   46.700000000000003        4363873642580.3696     
   46.750000000000000        14595512390147.900     
   46.800000000000004        30436318037569.820     
   46.850000000000001        174771249939607.53     
   46.900000000000006       -79053751753173.203     
   46.950000000000003       -58810650715042.406     
   47.000000000000000        20529541566020.953     
   47.050000000000004        757637788134865.12     
   47.100000000000001       -244160163974694.00     
   47.150000000000006       -18251514076933.664     
   47.200000000000003        54852638417237.633     
   47.250000000000000        45241491728330.391     
   47.300000000000004       -55212523156889.305     
   47.350000000000001        38082368913956.062     
   47.400000000000006       -41507540440837.680     
   47.450000000000003       -13308442959950.240     
   47.500000000000000       -4364864062410.0098     
   47.550000000000004        29572886145547.934     
   47.600000000000001        70871535464783.234     
   47.650000000000006        104112039639013.92     
   47.700000000000003       -45451239997556.734     
   47.750000000000000        30833513215808.176     
   47.800000000000004       -29168972078113.656     
   47.850000000000001        29578983272523.055     
   47.900000000000006       -22842387677420.352     
   47.950000000000003        12695849049195.629     
   48.000000000000000        14383117932982.312     
   48.050000000000004        28644200218977.418     
   48.100000000000001       -110601852511340.61     
   48.150000000000006       -37416825923310.062     
   48.200000000000003       -45800386339797.297     
   48.250000000000000        50294649415331.188     
   48.300000000000004        8841559185391.6973     
   48.350000000000001        375534267939.65771     
   48.400000000000006        9484995094601.4492     
   48.450000000000003        57880760349143.094     
   48.500000000000000        47017102243502.055     
   48.550000000000004        74647917380612.438     
   48.600000000000001       -35052906060876.387     
   48.650000000000006       -67874532245073.898     
   48.700000000000003       -21561833111312.035     
   48.750000000000000        3461247692099.4844     
   48.800000000000004       -26198082150405.422     
   48.850000000000001       -23472198929036.090     
   48.900000000000006        59921742697558.398     
   48.950000000000003       -40926059197140.781     
   49.000000000000000        33508681436047.273     
   49.050000000000004       -399982392801565.25     
   49.100000000000001        272536854928866.88     
   49.150000000000006       -47126463590548.828     
   49.200000000000003       -23316724039174.691     
   49.250000000000000        63127792371877.375     
   49.300000000000004        72987612282410.375     
   49.350000000000001        56709903418557.312     
   49.400000000000006        46811644534240.766     
   49.450000000000003        120307791694840.11     
   49.500000000000000        15665101345804.020     
   49.550000000000004       -15255331071062.416     
   49.600000000000001        5475107598624.1670     
   49.650000000000006       -20828117117423.566     
   49.700000000000003        27292674081168.535     
   49.750000000000000        213778267409052.84     
   49.800000000000004        32072359310811.191     
   49.850000000000001        141628772802004.00     
   49.900000000000006       -229337763905381.44     
   49.950000000000003       -35041375127864.574     
