2 100.00000000000000 5.0110007932038375E-003
3 100.00000000000000 5.0574587650545145E-003
4 100.00000000000000 5.0412126937482435E-003
5 100.00000000000000 5.0428516398004497E-003
6 100.00000000000000 5.0549834960973957E-003
7 100.00000000000000 5.0727976062905624E-003
8 100.00000000000000 5.0932036725298384E-003
9 100.00000000000000 5.1140850918725148E-003
10 100.00000000000000 5.1339786313582018E-003
11 100.00000000000000 5.1519018741576876E-003
12 100.00000000000000 5.1672408068172563E-003
13 100.00000000000000 5.1796671509673304E-003
14 100.00000000000000 5.1890733381517095E-003
15 100.00000000000000 5.1955196018590583E-003
16 100.00000000000000 5.1991902893880493E-003
17 100.00000000000000 5.2003576519248449E-003
18 100.00000000000000 5.1993519264350342E-003
19 100.00000000000000 5.1965368143048040E-003
20 100.00000000000000 5.1922896296289437E-003
