2 100.00000000000000 -0.98515567126287817
3 100.00000000000000 -0.98507880505071732
4 100.00000000000000 -0.98501285885872392
5 100.00000000000000 -0.98494409333527444
6 100.00000000000000 -0.98488442722766423
7 100.00000000000000 -0.98483717759273259
8 100.00000000000000 -0.98480308562923569
9 100.00000000000000 -0.98478154299973319
10 100.00000000000000 -0.98477113349335776
11 100.00000000000000 -0.98476998476154298
12 100.00000000000000 -0.98477602059491787
13 100.00000000000000 -0.98478714306659187
14 100.00000000000000 -0.98480136054666412
15 100.00000000000000 -0.98481687317097721
16 100.00000000000000 -0.98483212501574158
17 100.00000000000000 -0.98484583056803487
18 100.00000000000000 -0.98485698174234448
19 100.00000000000000 -0.98486484056895818
20 100.00000000000000 -0.98486892172626550
