2 100.00000000000000 0.0000000000000000
3 100.00000000000000 0.0000000000000000
4 100.00000000000000 0.0000000000000000
5 100.00000000000000 0.0000000000000000
6 100.00000000000000 0.0000000000000000
7 100.00000000000000 0.0000000000000000
8 100.00000000000000 0.0000000000000000
9 100.00000000000000 0.0000000000000000
10 100.00000000000000 0.0000000000000000
11 100.00000000000000 0.0000000000000000
12 100.00000000000000 0.0000000000000000
13 100.00000000000000 0.0000000000000000
14 100.00000000000000 0.0000000000000000
15 100.00000000000000 0.0000000000000000
16 100.00000000000000 0.0000000000000000
17 100.00000000000000 0.0000000000000000
18 100.00000000000000 0.0000000000000000
19 100.00000000000000 0.0000000000000000
20 100.00000000000000 0.0000000000000000
21 100.00000000000000 0.0000000000000000
22 100.00000000000000 0.0000000000000000
23 100.00000000000000 0.0000000000000000
24 100.00000000000000 0.0000000000000000
25 100.00000000000000 0.0000000000000000
26 100.00000000000000 0.0000000000000000
27 100.00000000000000 0.0000000000000000
28 100.00000000000000 0.0000000000000000
29 100.00000000000000 0.0000000000000000
30 100.00000000000000 0.0000000000000000
31 100.00000000000000 0.0000000000000000
32 100.00000000000000 0.0000000000000000
33 100.00000000000000 0.0000000000000000
34 100.00000000000000 0.0000000000000000
35 100.00000000000000 0.0000000000000000
36 100.00000000000000 0.0000000000000000
37 100.00000000000000 0.0000000000000000
38 100.00000000000000 0.0000000000000000
39 100.00000000000000 0.0000000000000000
40 100.00000000000000 0.0000000000000000
41 100.00000000000000 0.0000000000000000
42 100.00000000000000 0.0000000000000000
43 100.00000000000000 0.0000000000000000
44 100.00000000000000 0.0000000000000000
45 100.00000000000000 0.0000000000000000
46 100.00000000000000 0.0000000000000000
