2 100.00000000000000 -0.98522226407375513
3 100.00000000000000 -0.98514146312030026
4 100.00000000000000 -0.98514178887094794
5 100.00000000000000 -0.98514180679560226
6 100.00000000000000 -0.98514180698523801
7 100.00000000000000 -0.98514180698632303
8 100.00000000000000 -0.98514180698632814
9 100.00000000000000 -0.98514180698632814
10 100.00000000000000 -0.98514180698632814
11 100.00000000000000 -0.98514180698632814
12 100.00000000000000 -0.98514180698632814
13 100.00000000000000 -0.98514180698632814
14 100.00000000000000 -0.98514180698632814
15 100.00000000000000 -0.98514180698632814
16 100.00000000000000 -0.98514180698632814
17 100.00000000000000 -0.98514180698632814
18 100.00000000000000 -0.98514180698632814
19 100.00000000000000 -0.98514180698632814
20 100.00000000000000 -0.98514180698632814
